2011-01-12,26,16,35,2,8,11,12
2011-01-15,32,24,33,14,35,2,9
2011-01-17,1,30,26,23,27,5,6
2011-01-19,10,14,11,9,24,3,8
2011-01-22,4,14,8,27,10,7,5
2011-01-24,2,24,30,23,17,9,2
2011-01-26,19,3,12,30,25,11,8
2011-01-29,14,5,8,28,30,4,6
2011-01-31,14,20,2,24,21,9,2
2011-02-09,18,22,23,8,19,3,1
2011-02-12,20,33,15,35,30,6,9
2011-02-14,16,31,26,24,19,4,2
2011-02-16,34,16,24,32,22,2,10
2011-02-19,27,33,23,8,21,11,6
2011-02-21,22,12,19,28,9,5,1
2011-02-23,1,9,13,17,30,2,8
2011-02-26,34,25,24,14,9,4,1
2011-02-28,5,16,24,18,13,2,12
2011-03-02,33,16,20,12,15,8,12
2011-03-05,25,8,9,29,28,2,10
2011-03-07,20,29,15,9,1,9,7
2011-03-09,25,34,35,14,5,5,2
2011-03-12,1,2,17,28,13,4,1
2011-03-14,28,24,3,17,9,6,12
2011-03-16,19,33,15,25,30,8,3
2011-03-19,19,17,35,12,22,11,4
2011-03-21,16,31,33,7,23,3,10
2011-03-23,29,33,3,19,24,3,9
2011-03-26,9,3,27,17,6,9,3
2011-03-28,4,3,15,13,32,4,9
2011-03-30,30,18,33,3,29,8,9
2011-04-02,14,12,22,1,24,12,10
2011-04-04,9,33,13,11,7,10,12
2011-04-06,14,34,11,22,1,6,8
2011-04-09,7,18,20,15,3,1,6
2011-04-11,25,11,13,4,5,3,6
2011-04-13,6,30,9,18,32,10,12
2011-04-16,2,33,23,35,8,5,10
2011-04-18,21,11,26,24,31,7,6
2011-04-20,31,13,21,22,29,11,7
2011-04-23,29,16,19,15,9,6,4
2011-04-25,22,35,15,33,2,5,8
2011-04-27,28,27,17,25,13,3,2
2011-04-30,22,6,25,10,5,9,1
2011-05-02,33,4,29,32,7,10,8
2011-05-04,8,18,17,6,12,5,10
2011-05-07,32,13,24,31,33,3,9
2011-05-09,16,3,32,28,31,9,1
2011-05-11,26,35,16,9,5,10,3
2011-05-14,7,35,31,32,1,10,2
2011-05-16,5,3,31,29,30,10,8
2011-05-18,7,31,34,30,11,9,12
2011-05-21,1,33,32,9,27,3,6
2011-05-23,21,16,29,9,34,7,10
2011-05-25,25,3,34,32,29,10,9
2011-05-28,18,6,7,16,20,10,4
2011-05-30,10,20,6,21,17,7,3
2011-06-01,17,32,10,26,18,5,1
2011-06-04,27,30,1,34,6,1,6
2011-06-06,11,14,3,25,34,1,4
2011-06-08,18,13,33,20,6,10,9
2011-06-11,17,24,10,22,32,10,3
2011-06-13,18,1,16,13,32,9,7
2011-06-15,28,5,29,33,3,4,12
2011-06-18,19,30,22,29,9,2,8
2011-06-20,35,27,31,34,33,6,4
2011-06-22,11,20,35,13,3,3,8
2011-06-25,33,13,20,22,19,11,5
2011-06-27,16,7,28,23,31,6,3
2011-06-29,9,28,23,6,20,10,6
2011-07-02,30,29,18,23,25,1,2
2011-07-04,33,19,5,34,8,12,1
2011-07-06,16,30,9,4,27,2,6
2011-07-09,30,31,23,1,3,10,2
2011-07-11,30,12,31,32,5,3,1
2011-07-13,4,20,13,35,21,9,2
2011-07-16,7,32,30,20,25,5,9
2011-07-18,20,18,24,6,8,8,4
2011-07-20,35,31,29,14,34,12,1
2011-07-23,19,2,21,22,17,3,10
2011-07-25,15,6,4,5,9,6,1
2011-07-27,34,6,25,20,13,7,9
2011-07-30,21,20,27,35,29,8,3
2011-08-01,5,27,34,23,6,4,3
2011-08-03,29,30,34,2,4,8,5
2011-08-06,29,30,11,17,23,8,6
2011-08-08,32,19,33,10,17,12,1
2011-08-10,31,19,8,4,6,11,10
2011-08-13,21,11,22,34,32,8,4
2011-08-15,12,29,19,9,17,6,11
2011-08-17,8,25,24,3,20,1,2
2011-08-20,31,28,33,4,19,11,12
2011-08-22,28,35,33,6,7,10,1
2011-08-24,6,9,12,20,2,8,5
2011-08-27,28,8,33,11,13,8,9
2011-08-29,28,30,20,12,5,3,7
2011-08-31,34,19,31,28,24,4,12
2011-09-03,29,34,26,4,3,3,1
2011-09-05,7,28,27,34,19,2,5
2011-09-07,32,33,26,11,2,5,12
2011-09-10,1,9,30,29,35,5,9
2011-09-12,30,18,6,32,2,1,8
2011-09-14,28,24,18,7,15,1,7
2011-09-17,34,1,22,12,11,10,8
2011-09-19,35,31,34,33,30,4,7
2011-09-21,11,31,2,23,13,12,11
2011-09-24,28,6,17,32,33,12,8
2011-09-26,5,7,12,10,4,4,5
2011-09-28,27,17,35,6,8,11,2
2011-10-01,17,31,35,30,26,6,11
2011-10-03,26,18,10,19,15,7,12
2011-10-05,10,28,33,32,12,5,3
2011-10-08,32,7,35,11,4,7,5
2011-10-10,26,31,4,20,15,12,6
2011-10-12,20,31,26,30,25,9,10
2011-10-15,3,2,31,33,30,3,9
2011-10-17,8,34,23,3,24,12,5
2011-10-19,35,14,18,10,19,6,1
2011-10-22,8,25,12,20,14,8,6
2011-10-24,34,35,10,27,7,10,12
2011-10-26,7,29,33,17,30,10,12
2011-10-29,29,11,1,22,26,5,8
2011-10-31,6,11,4,3,13,1,2
2011-11-02,13,1,23,7,18,4,8
2011-11-05,9,8,23,13,35,11,12
2011-11-07,5,33,12,3,18,7,11
2011-11-09,33,16,12,14,19,9,2
2011-11-12,4,23,35,26,11,12,3
2011-11-14,12,14,17,10,1,10,9
2011-11-16,22,6,35,29,33,12,3
2011-11-19,33,11,19,9,8,3,12
2011-11-21,23,18,2,15,31,1,2
2011-11-23,17,32,26,30,23,6,12
2011-11-26,4,16,10,15,6,4,3
2011-11-28,33,12,32,1,34,11,9
2011-11-30,35,22,11,2,19,12,10
2011-12-03,30,26,33,4,34,4,6
2011-12-05,8,25,9,33,12,7,10
2011-12-07,28,18,7,33,24,3,2
2011-12-10,7,24,15,29,19,6,4
2011-12-12,19,29,13,34,9,2,11
2011-12-14,27,16,1,15,28,7,2
2011-12-17,11,10,26,7,31,3,4
2011-12-19,31,7,2,12,29,3,5
2011-12-21,33,34,13,30,22,12,6
2011-12-24,27,20,14,11,7,10,3
2011-12-26,21,6,1,4,35,2,11
2011-12-28,6,29,22,30,35,5,3
2011-12-31,16,28,12,4,20,11,8
2012-01-02,33,32,27,7,28,1,12
2012-01-04,3,11,14,29,26,8,7
2012-01-07,22,24,33,34,16,3,10
2012-01-09,10,32,31,11,22,7,6
2012-01-11,1,2,31,33,29,12,7
2012-01-14,27,20,25,3,22,1,9
2012-01-16,25,13,4,17,5,10,7
2012-01-18,31,6,8,32,30,11,1
2012-01-21,35,20,29,14,6,9,10
2012-01-30,32,29,26,25,34,7,5
2012-02-01,30,29,5,19,22,2,4
2012-02-04,30,35,6,18,22,2,7
2012-02-06,7,11,24,12,8,2,1
2012-02-08,24,14,10,32,30,12,1
2012-02-11,24,33,13,12,26,6,8
2012-02-13,29,20,5,31,14,8,12
2012-02-15,34,6,29,22,11,12,3
2012-02-18,3,31,10,29,14,8,4
2012-02-20,30,9,34,7,17,12,1
2012-02-22,12,14,29,34,27,6,3
2012-02-25,15,34,31,10,21,7,8
2012-02-27,35,12,20,33,7,1,10
2012-02-29,29,7,17,9,35,9,10
2012-03-03,3,17,21,30,11,3,7
2012-03-05,1,5,12,2,27,7,4
2012-03-07,29,22,23,11,10,9,2
2012-03-10,22,31,10,11,3,7,5
2012-03-12,12,10,15,33,34,3,10
2012-03-14,7,4,8,29,18,7,10
2012-03-17,26,22,3,21,32,1,3
2012-03-19,25,19,23,30,21,8,3
2012-03-21,7,26,16,34,8,7,11
2012-03-24,13,27,19,32,8,1,8
2012-03-26,1,16,29,15,8,8,9
2012-03-28,1,35,32,30,4,8,12
2012-03-31,9,30,1,31,20,12,8
2012-04-02,35,9,31,27,13,3,10
2012-04-04,31,23,11,25,35,3,1
2012-04-07,21,24,35,15,22,1,5
2012-04-09,2,13,23,28,29,5,1
2012-04-11,13,1,2,23,22,2,10
2012-04-14,27,7,24,28,35,12,7
2012-04-16,34,31,6,1,25,3,9
2012-04-18,32,14,3,4,35,1,2
2012-04-21,11,28,20,17,5,11,12
2012-04-23,8,4,19,27,23,11,4
2012-04-25,5,17,34,30,7,3,10
2012-04-28,9,35,6,30,26,5,6
2012-04-30,18,31,22,27,9,12,10
2012-05-02,29,13,17,22,28,1,10
2012-05-05,17,33,2,1,18,5,12
2012-05-07,26,20,10,33,31,12,10
2012-05-09,12,11,31,26,28,12,7
2012-05-12,30,27,18,16,1,11,10
2012-05-14,26,22,32,7,33,1,8
2012-05-16,23,26,21,34,11,9,7
2012-05-19,2,1,34,14,33,3,5
2012-05-21,13,21,31,29,35,4,12
2012-05-23,9,19,27,21,13,3,4
2012-05-26,21,16,2,24,30,6,10
2012-05-28,27,33,5,10,14,7,9
2012-05-30,32,35,21,33,34,9,8
2012-06-02,35,26,29,11,25,2,1
2012-06-04,30,9,12,15,13,9,10
2012-06-06,28,29,10,34,22,5,11
2012-06-09,25,20,33,29,1,6,4
2012-06-11,27,30,22,20,33,2,1
2012-06-13,35,31,21,1,32,6,3
2012-06-16,34,4,25,2,22,11,2
2012-06-18,32,34,22,9,23,8,6
2012-06-20,31,29,34,23,13,8,6
2012-06-23,8,4,25,22,17,4,10
2012-06-25,23,29,18,34,33,7,2
2012-06-27,22,32,23,10,30,1,7
2012-06-30,18,10,7,22,9,5,10
2012-07-02,2,22,24,14,16,5,2
2012-07-04,32,34,10,30,33,3,2
2012-07-07,1,25,23,2,35,12,5
2012-07-09,1,33,5,32,25,1,10
2012-07-11,28,12,25,14,11,2,5
2012-07-14,17,35,30,10,16,8,1
2012-07-16,2,9,15,4,10,8,10
2012-07-18,28,31,29,19,16,8,5
2012-07-21,29,27,21,24,31,1,2
2012-07-23,33,31,29,18,7,12,10
2012-07-25,32,20,25,29,3,5,10
2012-07-28,1,31,21,6,7,11,4
2012-07-30,17,30,13,35,24,2,10
2012-08-01,6,29,12,21,32,6,11
2012-08-04,2,21,29,33,27,10,2
2012-08-06,3,10,28,33,31,1,9
2012-08-08,31,8,9,23,25,12,2
2012-08-11,16,2,31,21,33,11,4
2012-08-13,14,35,32,23,2,10,1
2012-08-15,22,6,30,27,9,12,8
2012-08-18,5,24,10,19,35,8,9
2012-08-20,29,24,17,32,9,1,2
2012-08-22,28,29,30,11,2,12,6
2012-08-25,24,12,18,25,32,2,12
2012-08-27,27,7,19,13,9,3,1
2012-08-29,31,2,9,8,5,3,7
2012-09-01,6,35,2,4,13,8,4
2012-09-03,9,23,2,24,18,4,1
2012-09-05,25,24,27,16,18,9,4
2012-09-08,5,15,31,14,6,8,6
2012-09-10,29,25,23,15,31,9,10
2012-09-12,9,22,4,7,33,3,1
2012-09-15,35,6,7,24,12,6,2
2012-09-17,35,1,32,30,22,11,9
2012-09-19,1,26,11,17,19,12,5
2012-09-22,25,33,30,1,24,11,4
2012-09-24,1,28,31,35,2,5,7
2012-09-26,3,10,27,22,29,12,3
2012-09-29,35,3,21,6,33,1,7
2012-10-01,23,13,6,19,1,6,9
2012-10-03,1,18,11,20,22,10,7
2012-10-06,33,18,1,21,12,8,7
2012-10-08,25,30,17,5,33,1,12
2012-10-10,19,5,32,9,6,6,9
2012-10-13,2,23,29,10,21,4,3
2012-10-15,18,30,20,29,7,5,6
2012-10-17,31,29,25,24,23,12,3
2012-10-20,8,5,18,30,33,9,1
2012-10-22,19,11,20,7,35,10,5
2012-10-24,22,6,14,17,35,1,2
2012-10-27,21,14,28,13,29,10,5
2012-10-29,13,12,35,14,25,12,10
2012-10-31,30,31,19,9,10,4,11
2012-11-03,1,28,31,21,7,3,9
2012-11-05,14,23,29,19,30,7,6
2012-11-07,30,16,18,2,27,12,8
2012-11-10,33,8,21,25,5,1,11
2012-11-12,29,30,7,13,5,5,1
2012-11-14,6,18,35,32,1,7,2
2012-11-17,17,33,5,3,18,7,6
2012-11-19,23,2,31,29,30,4,1
2012-11-21,3,12,21,20,27,1,6
2012-11-24,17,31,13,27,33,12,6
2012-11-26,10,9,22,25,12,11,4
2012-11-28,28,29,27,7,17,10,9
2012-12-01,23,34,3,19,11,2,12
2012-12-03,15,19,35,29,34,10,7
2012-12-05,9,27,29,31,30,6,3
2012-12-08,29,21,14,13,11,10,1
2012-12-10,31,22,35,5,33,6,9
2012-12-12,17,10,1,26,13,6,8
2012-12-15,33,3,17,19,2,2,9
2012-12-17,16,29,4,27,34,6,11
2012-12-19,33,2,34,23,10,5,10
2012-12-22,31,14,2,18,24,2,3
2012-12-24,3,19,33,20,24,3,4
2012-12-26,4,34,33,17,26,2,8
2012-12-29,22,13,10,8,9,10,5
2012-12-31,31,27,3,26,32,9,3
2013-01-02,11,32,31,6,9,5,11
2013-01-05,32,20,31,4,27,6,12
2013-01-07,18,16,31,1,21,9,12
2013-01-09,8,7,20,25,12,7,3
2013-01-12,26,22,18,28,31,12,10
2013-01-14,31,20,25,32,8,5,7
2013-01-16,29,14,33,34,32,6,3
2013-01-19,29,2,25,34,7,6,3
2013-01-21,19,29,27,10,17,12,5
2013-01-23,9,29,18,17,15,11,9
2013-01-26,1,2,23,8,15,6,9
2013-01-28,31,32,34,14,1,2,11
2013-01-30,13,15,35,29,30,1,11
2013-02-02,5,31,29,25,8,4,2
2013-02-04,26,33,14,15,32,1,11
2013-02-06,32,27,19,5,15,9,8
2013-02-16,14,29,22,11,34,5,11
2013-02-18,23,33,34,31,20,3,9
2013-02-20,29,17,6,30,12,11,7
2013-02-23,32,11,31,20,6,9,5
2013-02-25,24,23,30,28,33,1,11
2013-02-27,13,4,3,17,23,3,8
2013-03-02,35,19,5,26,24,5,7
2013-03-04,14,18,9,12,24,1,4
2013-03-06,25,28,3,26,23,12,10
2013-03-09,2,10,30,33,16,5,6
2013-03-11,24,14,12,35,3,3,8
2013-03-13,19,30,34,28,13,12,8
2013-03-16,17,26,7,5,25,10,4
2013-03-18,5,28,9,10,3,5,7
2013-03-20,17,32,26,18,12,10,11
2013-03-23,35,27,33,28,12,1,8
2013-03-25,22,18,12,28,31,11,1
2013-03-27,3,29,19,1,11,8,4
2013-03-30,5,14,34,28,32,8,7
2013-04-01,8,35,33,32,12,3,5
2013-04-03,34,26,31,2,32,6,8
2013-04-06,25,26,1,19,24,9,7
2013-04-08,23,30,33,6,35,7,10
2013-04-10,22,26,17,16,35,10,3
2013-04-13,13,3,14,34,15,8,5
2013-04-15,6,23,22,2,33,6,1
2013-04-17,35,13,34,7,25,7,9
2013-04-20,18,7,28,11,13,5,10
2013-04-22,8,12,21,11,25,2,7
2013-04-24,32,15,19,16,25,11,5
2013-04-27,20,12,28,35,30,11,3
2013-04-29,32,23,11,10,33,4,1
2013-05-01,18,31,25,32,22,6,4
2013-05-04,33,22,14,30,32,7,8
2013-05-06,5,18,33,15,8,7,8
2013-05-08,2,10,1,31,29,1,10
2013-05-11,31,33,34,13,35,7,5
2013-05-13,8,30,21,5,32,8,1
2013-05-15,22,24,4,5,23,9,3
2013-05-18,35,30,32,11,22,3,4
2013-05-20,35,27,33,7,15,7,10
2013-05-22,20,21,27,31,35,11,7
2013-05-25,24,3,8,27,11,12,7
2013-05-27,25,15,32,26,35,5,10
2013-05-29,21,14,32,1,18,10,5
2013-06-01,8,1,5,9,12,12,9
2013-06-03,3,5,11,27,28,6,5
2013-06-05,26,24,21,32,28,3,1
2013-06-08,9,31,28,34,35,2,9
2013-06-10,34,13,7,33,6,11,2
2013-06-12,2,8,3,5,29,10,12
2013-06-15,27,10,17,34,35,7,5
2013-06-17,16,30,13,6,12,12,7
2013-06-19,9,18,29,21,12,1,8
2013-06-22,26,28,19,27,13,3,11
2013-06-24,12,35,27,33,28,5,3
2013-06-26,3,27,31,5,23,6,2
2013-06-29,32,24,6,14,20,7,1
2013-07-01,35,13,11,19,1,7,8
2013-07-03,16,26,27,15,13,9,10
2013-07-06,30,32,24,35,26,6,12
2013-07-08,7,31,33,2,23,8,2
2013-07-10,17,21,10,9,34,7,1
2013-07-13,23,27,31,21,6,6,4
2013-07-15,15,23,17,7,9,7,2
2013-07-17,9,26,3,33,25,3,12
2013-07-20,35,30,26,32,29,10,4
2013-07-22,22,8,29,26,35,1,5
2013-07-24,32,27,8,19,23,3,5
2013-07-27,16,9,29,31,26,6,9
2013-07-29,12,32,22,9,34,2,4
2013-07-31,8,35,3,5,33,1,3
2013-08-03,24,29,7,23,6,11,4
2013-08-05,26,30,2,33,31,12,11
2013-08-07,34,35,9,4,28,2,8
2013-08-10,21,10,33,27,7,9,3
2013-08-12,5,26,18,17,1,5,7
2013-08-14,34,33,3,35,28,9,6
2013-08-17,33,17,30,3,28,1,10
2013-08-19,26,22,19,20,17,6,8
2013-08-21,7,13,17,8,32,3,8
2013-08-24,6,16,2,34,29,10,11
2013-08-26,11,4,33,28,30,12,5
2013-08-28,26,12,24,30,9,5,9
2013-08-31,9,32,15,4,13,2,9
2013-09-02,6,19,26,15,12,2,11
2013-09-04,5,13,8,16,31,9,3
2013-09-07,5,29,27,11,2,11,1
2013-09-09,7,27,30,34,13,12,1
2013-09-11,6,7,27,12,13,3,12
2013-09-14,25,18,13,14,7,12,5
2013-09-16,13,10,5,15,18,11,2
2013-09-18,32,26,13,29,20,6,2
2013-09-21,33,32,16,7,18,2,7
2013-09-23,13,20,7,27,12,3,1
2013-09-25,22,29,10,20,2,12,5
2013-09-28,19,21,23,28,30,12,8
2013-09-30,21,17,33,23,6,1,9
2013-10-02,29,34,16,5,32,4,11
2013-10-05,13,23,22,33,30,9,11
2013-10-07,23,25,16,33,5,12,7
2013-10-09,31,6,11,4,20,1,5
2013-10-12,1,23,16,2,35,11,1
2013-10-14,26,22,15,6,14,3,11
2013-10-16,19,20,3,24,18,12,3
2013-10-19,17,20,35,24,15,4,12
2013-10-21,10,34,9,33,2,12,5
2013-10-23,7,21,32,5,18,10,11
2013-10-26,14,28,23,4,8,8,4
2013-10-28,10,9,15,18,30,6,3
2013-10-30,3,16,32,19,14,5,10
2013-11-02,27,35,13,33,11,1,2
2013-11-04,29,30,33,23,11,4,1
2013-11-06,15,8,30,9,19,9,6
2013-11-09,29,31,15,12,30,12,4
2013-11-11,28,26,34,23,31,2,10
2013-11-13,10,8,2,16,17,12,9
2013-11-16,32,13,2,23,19,2,9
2013-11-18,4,19,25,13,26,7,12
2013-11-20,25,5,28,11,15,5,11
2013-11-23,12,32,4,33,34,8,6
2013-11-25,17,24,8,3,13,9,7
2013-11-27,6,5,31,18,20,6,7
2013-11-30,1,26,17,28,12,1,6
2013-12-02,15,25,31,18,5,8,10
2013-12-04,29,6,25,11,28,4,12
2013-12-07,3,31,14,8,21,8,6
2013-12-09,35,23,20,21,3,2,8
2013-12-11,20,18,2,13,15,11,2
2013-12-14,25,31,6,7,15,1,9
2013-12-16,3,25,24,22,9,5,9
2013-12-18,9,2,5,32,29,3,7
2013-12-21,9,7,6,13,8,7,5
2013-12-23,22,18,6,7,14,8,11
2013-12-25,27,2,13,21,30,3,4
2013-12-28,9,12,14,19,18,3,9
2013-12-30,5,16,30,17,4,3,9
2014-01-01,5,13,20,23,29,8,11
2014-01-04,29,1,12,21,24,7,1
2014-01-06,11,21,13,33,7,6,5
2014-01-08,28,10,27,19,7,12,9
2014-01-11,29,17,15,33,18,4,8
2014-01-13,7,1,35,16,4,6,8
2014-01-15,21,8,11,32,14,11,3
2014-01-18,13,11,20,28,35,5,1
2014-01-20,33,25,29,10,18,8,7
2014-01-22,27,10,26,20,5,1,3
2014-01-25,4,14,6,24,35,7,12
2014-01-27,21,23,9,20,29,7,5
2014-01-29,28,13,22,11,10,12,4
2014-02-08,9,1,29,11,27,3,11
2014-02-10,6,30,20,4,18,7,5
2014-02-12,34,6,13,4,24,9,4
2014-02-15,23,5,10,11,34,1,10
2014-02-17,34,9,12,28,8,2,12
2014-02-19,32,7,29,22,12,12,11
2014-02-22,14,35,1,30,17,6,7
2014-02-24,10,6,17,23,24,3,9
2014-02-26,6,16,10,3,25,11,10
2014-03-01,33,29,13,15,4,5,9
2014-03-03,31,7,15,32,11,11,6
2014-03-05,19,32,34,27,20,6,8
2014-03-08,26,15,12,5,10,8,4
2014-03-10,10,29,9,24,28,12,10
2014-03-12,25,10,30,20,3,10,12
2014-03-15,35,22,3,23,21,9,5
2014-03-17,18,35,29,3,14,12,11
2014-03-19,27,32,33,15,6,3,4
2014-03-22,5,6,2,9,31,9,2
2014-03-24,8,28,7,1,29,4,8
2014-03-26,27,11,3,14,32,5,7
2014-03-29,14,12,28,29,9,3,10
2014-03-31,2,1,12,29,17,3,8
2014-04-02,3,34,4,8,19,4,2
2014-04-05,32,8,12,20,7,5,3
2014-04-07,11,20,15,2,5,8,11
2014-04-09,21,33,12,30,15,8,2
2014-04-12,11,5,7,15,18,12,5
2014-04-14,27,25,21,16,35,11,6
2014-04-16,30,23,11,1,29,12,1
2014-04-19,27,23,25,22,35,11,3
2014-04-21,6,10,12,16,30,11,2
2014-04-23,15,18,3,26,21,1,6
2014-04-26,18,34,17,30,6,6,12
2014-04-28,15,35,2,1,5,11,1
2014-04-30,31,3,17,15,22,5,3
2014-05-03,10,18,28,35,27,1,6
2014-05-05,30,1,11,7,29,3,11
2014-05-07,24,21,14,19,30,2,7
2014-05-10,2,17,11,30,27,4,3
2014-05-12,34,3,20,2,25,12,1
2014-05-14,26,23,35,4,27,10,11
2014-05-17,28,18,35,29,12,8,7
2014-05-19,20,10,8,33,27,9,1
2014-05-21,22,26,15,9,24,2,7
2014-05-24,25,7,17,15,29,11,4
2014-05-26,29,12,34,22,30,5,11
2014-05-28,29,11,17,4,20,10,6
2014-05-31,17,24,7,25,4,2,4
2014-06-02,17,23,34,21,11,3,4
2014-06-04,34,33,15,35,8,1,8
2014-06-07,12,31,7,33,19,12,7
2014-06-09,20,16,8,14,31,3,11
2014-06-11,24,23,31,18,3,7,3
2014-06-14,29,35,24,15,5,5,6
2014-06-16,16,27,22,31,29,9,2
2014-06-18,7,1,2,10,32,12,4
2014-06-21,22,15,14,4,23,7,1
2014-06-23,17,22,19,24,30,2,9
2014-06-25,13,5,4,35,7,5,6
2014-06-28,6,27,30,11,22,11,5
2014-06-30,35,5,29,7,32,10,4
2014-07-02,31,5,10,32,19,9,10
2014-07-05,31,26,32,9,16,5,1
2014-07-07,22,28,15,16,10,4,5
2014-07-09,31,9,10,20,32,6,10
2014-07-12,20,27,25,23,17,3,10
2014-07-14,8,3,25,5,10,9,12
2014-07-16,18,25,1,23,8,8,12
2014-07-19,35,20,33,24,18,5,10
2014-07-21,9,28,2,11,7,5,9
2014-07-23,25,6,29,13,12,11,12
2014-07-26,29,8,6,27,35,9,3
2014-07-28,4,33,35,31,7,9,10
2014-07-30,25,13,20,7,26,8,11
2014-08-02,8,30,29,2,12,7,12
2014-08-04,23,3,28,2,20,8,6
2014-08-06,18,16,32,10,29,2,7
2014-08-09,27,18,32,30,2,11,5
2014-08-11,30,34,32,3,8,9,11
2014-08-13,13,14,25,24,34,4,7
2014-08-16,30,34,6,22,31,6,5
2014-08-18,23,31,3,7,21,10,5
2014-08-20,20,3,23,21,15,7,9
2014-08-23,16,22,18,25,35,10,3
2014-08-25,21,33,23,22,15,1,7
2014-08-27,12,8,2,4,35,1,7
2014-08-30,9,12,17,28,10,3,11
2014-09-01,7,19,14,1,20,12,3
2014-09-03,14,23,20,26,25,12,10
2014-09-06,7,13,28,32,14,4,11
2014-09-08,10,4,29,32,26,8,4
2014-09-10,9,22,11,20,5,5,11
2014-09-13,13,21,34,14,5,10,8
2014-09-15,13,1,2,35,23,12,9
2014-09-17,21,20,15,23,18,2,1
2014-09-20,18,9,24,19,22,11,8
2014-09-22,11,29,16,20,18,3,4
2014-09-24,14,5,32,3,18,10,2
2014-09-27,13,2,17,19,23,1,6
2014-09-29,24,3,16,33,30,5,8
2014-10-01,26,30,5,29,1,2,10
2014-10-04,24,6,15,27,13,4,5
2014-10-06,33,18,14,17,3,9,6
2014-10-08,26,24,23,2,3,5,11
2014-10-11,4,8,13,9,18,12,8
2014-10-13,33,6,18,1,4,11,5
2014-10-15,22,13,16,32,18,8,10
2014-10-18,25,3,35,10,26,1,7
2014-10-20,22,25,1,9,12,9,2
2014-10-22,1,29,3,35,28,8,12
2014-10-25,23,15,19,31,12,4,10
2014-10-27,30,9,2,22,34,9,10
2014-10-29,6,15,19,4,2,11,2
2014-11-01,22,2,16,4,34,8,11
2014-11-03,28,7,32,22,30,5,6
2014-11-05,32,18,31,2,33,7,5
2014-11-08,16,23,27,19,3,3,7
2014-11-10,32,1,19,4,3,1,7
2014-11-12,14,12,2,8,18,4,12
2014-11-15,32,7,5,2,11,12,9
2014-11-17,28,26,20,35,30,12,9
2014-11-19,34,4,20,35,18,11,7
2014-11-22,34,22,2,11,16,5,2
2014-11-24,1,29,32,7,34,9,12
2014-11-26,5,15,3,7,34,10,1
2014-11-29,25,34,19,20,1,12,7
2014-12-01,17,29,26,20,4,5,8
2014-12-03,18,25,21,28,30,4,6
2014-12-06,14,11,25,18,1,10,6
2014-12-08,24,35,1,21,25,4,11
2014-12-10,15,24,19,22,26,10,11
2014-12-13,16,2,23,24,28,10,11
2014-12-15,26,34,14,5,9,2,9
2014-12-17,20,3,10,11,9,7,9
2014-12-20,2,35,13,19,26,1,5
2014-12-22,35,21,19,30,33,7,5
2014-12-24,31,3,26,8,32,12,8
2014-12-27,12,5,18,24,33,5,1
2014-12-29,8,24,1,32,13,5,10
2014-12-31,17,12,5,23,28,9,2
2015-01-03,27,8,19,9,30,7,6
2015-01-05,20,32,3,14,26,6,10
2015-01-07,34,28,19,27,12,1,12
2015-01-10,14,28,12,3,18,5,6
2015-01-12,19,14,11,18,15,7,8
2015-01-14,6,33,8,32,30,3,7
2015-01-17,31,2,7,8,14,4,8
2015-01-19,7,15,11,17,10,10,3
2015-01-21,17,22,26,27,33,10,6
2015-01-24,2,30,6,35,17,7,2
2015-01-26,30,25,13,22,4,6,1
2015-01-28,4,6,31,3,11,5,9
2015-01-31,28,35,25,15,11,7,10
2015-02-02,16,8,35,25,29,3,10
2015-02-04,32,13,5,1,17,4,11
2015-02-07,16,7,6,20,34,9,11
2015-02-09,29,17,16,13,7,1,7
2015-02-11,10,7,4,31,23,7,3
2015-02-14,24,8,22,2,16,1,3
2015-02-16,28,11,29,26,32,4,1
2015-02-25,26,31,23,24,22,5,6
2015-02-28,9,11,14,15,26,12,11
2015-03-02,11,6,22,9,12,11,3
2015-03-04,8,16,34,2,6,4,3
2015-03-07,7,10,22,27,20,11,10
2015-03-09,13,14,11,15,22,8,2
2015-03-11,28,22,21,25,5,10,3
2015-03-14,28,32,9,33,3,10,9
2015-03-16,30,7,10,19,35,3,5
2015-03-18,19,26,31,18,9,2,5
2015-03-21,33,32,29,21,7,4,12
2015-03-23,30,25,27,21,6,11,7
2015-03-25,22,28,26,3,17,7,3
2015-03-28,15,8,18,26,4,9,5
2015-03-30,35,30,24,22,29,10,1
2015-04-01,23,24,20,14,18,4,8
2015-04-04,21,16,31,10,28,8,7
2015-04-06,35,12,22,19,31,8,7
2015-04-08,7,3,6,25,16,1,6
2015-04-11,2,10,23,35,9,12,9
2015-04-13,21,28,23,1,11,1,10
2015-04-15,12,24,17,7,3,2,11
2015-04-18,29,22,2,20,25,2,7
2015-04-20,31,16,27,18,33,1,3
2015-04-22,8,22,30,9,29,12,8
2015-04-25,5,26,22,10,7,4,10
2015-04-27,31,2,23,17,1,12,5
2015-04-29,11,22,10,33,24,9,2
2015-05-02,22,15,9,11,8,8,10
2015-05-04,6,28,7,20,10,7,2
2015-05-06,21,11,1,2,16,1,5
2015-05-09,13,24,19,27,29,7,8
2015-05-11,29,25,32,8,28,4,7
2015-05-13,9,34,15,24,2,3,9
2015-05-16,20,14,30,6,11,5,10
2015-05-18,19,35,26,12,6,3,10
2015-05-20,26,14,5,1,7,6,4
2015-05-23,27,20,10,14,30,12,7
2015-05-25,9,19,23,7,32,3,1
2015-05-27,24,25,26,33,16,11,4
2015-05-30,16,6,8,22,7,10,2
2015-06-01,15,14,7,6,13,1,4
2015-06-03,6,1,35,4,34,4,2
2015-06-06,2,20,31,8,28,7,10
2015-06-08,4,5,7,35,13,11,8
2015-06-10,3,1,29,7,13,10,2
2015-06-13,18,4,27,24,10,4,11
2015-06-15,2,35,20,31,3,8,4
2015-06-17,2,25,11,22,9,1,7
2015-06-20,3,9,12,17,18,4,12
2015-06-22,4,6,13,16,34,4,10
2015-06-24,33,20,21,19,31,9,10
2015-06-27,9,27,26,34,30,6,1
2015-06-29,21,1,12,33,27,9,4
2015-07-01,14,27,13,33,26,10,12
2015-07-04,19,3,21,34,31,12,5
2015-07-06,16,28,22,1,17,2,9
2015-07-08,28,19,33,24,26,1,2
2015-07-11,9,1,24,23,17,4,5
2015-07-13,20,32,30,29,14,3,8
2015-07-15,4,17,3,10,13,9,5
2015-07-18,28,8,33,31,15,3,6
2015-07-20,19,29,16,25,14,10,12
2015-07-22,20,32,21,34,10,7,6
2015-07-25,3,6,16,2,4,12,3
2015-07-27,32,11,9,15,5,9,4
2015-07-29,2,22,5,15,17,1,11
2015-08-01,15,31,28,5,34,11,12
2015-08-03,18,27,20,5,12,12,10
2015-08-05,21,11,9,6,17,6,8
2015-08-08,7,30,28,2,29,7,3
2015-08-10,34,27,2,21,14,8,5
2015-08-12,25,26,27,16,17,4,2
2015-08-15,11,29,3,2,10,3,7
2015-08-17,14,35,34,26,8,5,10
2015-08-19,3,12,21,9,18,2,6
2015-08-22,26,17,16,4,27,1,4
2015-08-24,14,33,27,9,21,6,9
2015-08-26,25,22,9,14,12,10,5
2015-08-29,9,15,23,32,18,5,7
2015-08-31,32,6,17,18,12,12,7
2015-09-02,33,15,11,34,14,3,12
2015-09-05,15,34,9,7,25,10,4
2015-09-07,19,34,30,25,16,4,9
2015-09-09,15,21,8,27,9,9,5
2015-09-12,13,2,11,22,30,3,2
2015-09-14,23,28,3,25,29,7,6
2015-09-16,26,16,13,31,1,7,12
2015-09-19,1,6,31,22,11,12,3
2015-09-21,2,10,7,30,22,7,11
2015-09-23,16,24,7,8,28,10,3
2015-09-26,19,15,5,28,4,11,4
2015-09-28,1,14,21,29,33,10,2
2015-09-30,31,24,9,34,18,2,10
2015-10-03,12,14,8,16,13,3,9
2015-10-05,10,33,19,7,24,7,3
2015-10-07,20,6,33,30,17,11,10
2015-10-10,31,20,7,24,3,4,9
2015-10-12,21,12,8,1,16,6,11
2015-10-14,9,24,15,32,1,5,10
2015-10-17,4,28,27,17,2,4,6
2015-10-19,11,26,35,15,13,6,11
2015-10-21,4,29,30,27,15,10,2
2015-10-24,6,4,12,31,32,6,3
2015-10-26,2,28,17,3,15,10,8
2015-10-28,5,21,4,9,8,3,6
2015-10-31,9,19,11,30,14,8,3
2015-11-02,30,32,23,12,10,4,3
2015-11-04,1,29,25,6,23,3,9
2015-11-07,31,17,32,34,25,2,12
2015-11-09,19,17,27,11,20,2,3
2015-11-11,3,8,18,14,27,5,1
2015-11-14,25,7,3,8,30,4,8
2015-11-16,35,1,2,15,6,4,7
2015-11-18,16,25,5,20,29,8,6
2015-11-21,20,29,5,23,32,10,2
2015-11-23,23,17,26,14,21,8,11
2015-11-25,1,29,32,20,16,4,7
2015-11-28,5,2,3,32,25,5,7
2015-11-30,1,15,11,35,26,6,11
2015-12-02,4,19,2,31,15,2,3
2015-12-05,12,26,22,30,14,3,6
2015-12-07,20,35,33,31,9,11,10
2015-12-09,9,29,24,1,26,11,6
2015-12-12,20,32,7,29,6,12,11
2015-12-14,19,31,15,27,4,4,11
2015-12-16,1,13,2,19,18,8,10
2015-12-19,33,11,8,27,31,8,9
2015-12-21,6,28,10,4,12,8,2
2015-12-23,33,18,13,4,25,7,3
2015-12-26,16,30,35,15,18,1,7
2015-12-28,35,5,22,29,4,2,11
2015-12-30,27,1,22,7,33,2,11
2016-01-02,7,30,20,19,1,5,10
2016-01-04,7,12,25,35,18,9,7
2016-01-06,4,12,22,17,26,7,6
2016-01-09,10,23,20,32,35,9,10
2016-01-11,9,6,20,15,12,11,8
2016-01-13,16,17,14,22,24,2,9
2016-01-16,32,5,2,35,14,3,1
2016-01-18,35,12,5,31,34,5,4
2016-01-20,5,20,17,8,10,12,2
2016-01-23,13,28,15,12,16,2,5
2016-01-25,15,10,8,2,23,5,10
2016-01-27,23,5,28,7,11,3,12
2016-01-30,3,21,23,31,35,11,2
2016-02-01,6,21,24,8,27,10,2
2016-02-03,30,13,1,4,10,9,3
2016-02-06,22,3,32,10,29,5,2
2016-02-15,29,28,24,18,11,5,10
2016-02-17,33,13,27,5,10,11,8
2016-02-20,26,20,15,11,4,9,8
2016-02-22,22,16,29,1,30,2,9
2016-02-24,9,35,1,4,10,11,9
2016-02-27,18,21,30,4,35,11,2
2016-02-29,4,14,9,25,27,6,11
2016-03-02,2,15,11,1,18,8,4
2016-03-05,23,24,6,13,3,7,10
2016-03-07,34,2,6,30,29,7,1
2016-03-09,11,13,15,6,28,6,2
2016-03-12,13,31,18,23,20,6,3
2016-03-14,26,27,32,29,20,12,5
2016-03-16,21,29,19,33,10,6,4
2016-03-19,24,3,27,14,29,11,4
2016-03-21,33,9,14,20,5,12,5
2016-03-23,14,15,31,35,3,10,9
2016-03-26,31,18,32,35,14,10,9
2016-03-28,22,17,29,25,24,9,12
2016-03-30,26,7,30,15,31,3,6
2016-04-02,13,34,5,24,3,3,5
2016-04-04,33,3,15,9,7,12,5
2016-04-06,1,28,22,16,8,4,5
2016-04-09,35,29,20,22,30,6,1
2016-04-11,27,24,23,34,12,3,6
2016-04-13,24,6,19,2,8,6,1
2016-04-16,16,9,33,1,34,9,12
2016-04-18,20,10,1,31,6,11,5
2016-04-20,30,33,25,7,11,2,8
2016-04-23,19,22,34,3,32,12,8
2016-04-25,23,3,29,32,2,9,5
2016-04-27,12,25,17,27,4,10,4
2016-04-30,5,33,3,4,27,9,4
2016-05-02,17,21,35,29,7,5,4
2016-05-04,21,24,23,16,32,7,8
2016-05-07,14,33,19,20,8,11,10
2016-05-09,13,30,35,4,15,5,3
2016-05-11,5,30,9,21,2,6,7
2016-05-14,21,34,6,30,27,4,9
2016-05-16,12,35,10,14,31,4,5
2016-05-18,17,30,23,8,19,3,8
2016-05-21,23,28,15,2,17,9,5
2016-05-23,33,2,28,10,27,5,7
2016-05-25,22,34,2,27,6,11,8
2016-05-28,23,21,15,9,17,12,7
2016-05-30,14,35,2,15,10,1,9
2016-06-01,35,22,12,27,8,9,5
2016-06-04,2,1,18,35,10,5,11
2016-06-06,18,1,24,22,9,11,12
2016-06-08,29,31,28,33,10,11,5
2016-06-11,2,19,11,13,8,2,8
2016-06-13,22,26,5,34,7,12,7
2016-06-15,17,19,14,30,23,9,2
2016-06-18,9,23,2,13,19,7,5
2016-06-20,15,20,19,33,8,7,12
2016-06-22,20,31,26,16,24,9,4
2016-06-25,24,14,17,27,7,8,10
2016-06-27,5,14,1,11,7,8,3
2016-06-29,3,7,17,22,31,8,12
2016-07-02,8,31,3,10,17,5,6
2016-07-04,16,35,14,9,11,5,2
2016-07-06,31,18,29,7,35,5,11
2016-07-09,14,20,15,7,27,10,5
2016-07-11,33,30,15,20,29,12,7
2016-07-13,18,21,6,7,33,8,3
2016-07-16,8,23,3,29,28,7,2
2016-07-18,1,35,33,9,5,1,5
2016-07-20,15,26,35,8,12,8,1
2016-07-23,27,31,32,14,15,7,1
2016-07-25,25,5,3,22,30,7,9
2016-07-27,3,25,17,16,23,7,9
2016-07-30,6,17,30,21,4,11,6
2016-08-01,28,7,17,34,14,7,10
2016-08-03,32,4,28,6,8,12,7
2016-08-06,13,21,22,8,17,2,8
2016-08-08,34,31,33,13,2,7,11
2016-08-10,30,14,8,1,35,6,7
2016-08-13,16,14,17,18,1,5,7
2016-08-15,18,12,21,19,8,6,3
2016-08-17,12,8,6,21,1,5,10
2016-08-20,6,33,31,8,18,10,12
2016-08-22,11,9,8,20,29,4,5
2016-08-24,4,3,14,27,12,1,5
2016-08-27,12,19,8,26,30,12,2
2016-08-29,28,35,6,33,4,12,7
2016-08-31,5,3,6,35,34,3,12
2016-09-03,20,29,23,14,5,3,11
2016-09-05,23,1,30,20,22,6,7
2016-09-07,11,34,35,31,8,1,2
2016-09-10,33,30,3,35,21,1,4
2016-09-12,24,6,2,26,19,4,6
2016-09-14,23,17,25,10,22,7,9
2016-09-17,28,31,34,3,25,11,12
2016-09-19,20,21,30,7,23,10,7
2016-09-21,27,9,22,4,26,12,2
2016-09-24,22,23,32,7,31,4,5
2016-09-26,34,17,10,11,30,3,12
2016-09-28,33,20,16,32,17,3,7
2016-10-01,1,4,15,31,34,2,11
2016-10-03,4,6,8,19,34,10,12
2016-10-05,14,3,23,16,9,2,9
2016-10-08,24,15,12,29,18,11,3
2016-10-10,3,2,9,21,22,10,5
2016-10-12,34,20,10,32,3,7,4
2016-10-15,8,15,4,5,20,6,1
2016-10-17,12,1,29,3,14,6,2
2016-10-19,13,5,4,20,32,1,10
2016-10-22,29,13,4,24,26,8,11
2016-10-24,30,28,6,7,8,2,1
2016-10-26,16,11,24,19,13,8,6
2016-10-29,15,26,5,24,1,10,9
2016-10-31,33,20,30,17,22,8,7
2016-11-02,8,30,7,19,35,8,9
2016-11-05,23,32,34,11,33,12,1
2016-11-07,25,30,6,28,13,7,2
2016-11-09,35,22,18,4,19,2,1
2016-11-12,28,1,4,5,23,5,9
2016-11-14,31,32,3,34,1,7,2
2016-11-16,12,35,18,1,10,12,1
2016-11-19,6,19,5,23,7,4,11
2016-11-21,7,34,20,29,23,2,10
2016-11-23,13,29,35,12,16,11,5
2016-11-26,13,35,30,21,31,1,8
2016-11-28,34,29,12,16,23,4,11
2016-11-30,28,19,7,6,2,12,11
2016-12-03,23,6,1,26,17,12,6
2016-12-05,6,22,31,4,27,7,6
2016-12-07,13,4,22,5,31,10,5
2016-12-10,28,1,11,17,9,3,8
2016-12-12,22,25,29,34,21,1,11
2016-12-14,20,30,7,19,28,4,12
2016-12-17,5,23,25,15,14,6,8
2016-12-19,2,3,1,12,33,9,4
2016-12-21,1,24,18,10,29,10,7
2016-12-24,14,11,7,21,4,12,5
2016-12-26,8,30,22,17,24,11,5
2016-12-28,13,25,18,35,29,3,11
2016-12-31,6,29,21,16,17,4,6
2017-01-02,9,31,33,20,7,8,10
2017-01-04,7,34,14,31,12,9,11
2017-01-07,5,3,22,13,6,12,9
2017-01-09,31,8,11,28,5,6,7
2017-01-11,35,26,20,5,9,11,2
2017-01-14,32,33,6,4,23,5,6
2017-01-16,11,17,8,25,27,2,4
2017-01-18,25,32,9,4,3,2,4
2017-01-21,8,6,12,5,22,3,4
2017-01-23,35,10,13,4,18,2,1
2017-01-25,29,34,5,15,21,9,6
2017-02-04,35,26,5,4,24,7,12
2017-02-06,30,17,12,5,34,11,12
2017-02-08,4,24,15,8,25,2,5
2017-02-11,1,19,34,27,7,1,2
2017-02-13,3,30,33,13,28,10,9
2017-02-15,19,24,29,26,4,4,6
2017-02-18,10,17,7,23,6,9,1
2017-02-20,2,23,25,14,6,10,2
2017-02-22,27,24,16,28,21,7,4
2017-02-25,20,1,17,26,15,6,8
2017-02-27,24,17,3,9,2,6,12
2017-03-01,34,8,12,5,24,7,10
2017-03-04,23,32,21,29,35,11,12
2017-03-06,34,10,20,16,19,5,4
2017-03-08,25,14,32,10,19,2,7
2017-03-11,25,34,8,33,17,3,11
2017-03-13,23,22,33,18,6,11,9
2017-03-15,17,6,1,29,14,11,1
2017-03-18,34,22,21,29,24,6,5
2017-03-20,16,2,32,17,30,9,2
2017-03-22,29,13,2,18,14,9,3
2017-03-25,23,34,15,22,25,5,11
2017-03-27,29,12,6,26,21,2,11
2017-03-29,17,22,33,14,30,7,12
2017-04-01,33,1,9,4,18,5,2
2017-04-03,15,32,13,34,16,11,6
2017-04-05,5,4,27,18,13,3,9
2017-04-08,14,17,26,5,6,3,8
2017-04-10,4,6,10,29,23,11,9
2017-04-12,2,25,31,4,6,9,5
2017-04-15,2,34,31,33,17,1,7
2017-04-17,25,35,22,13,6,12,9
2017-04-19,25,18,11,17,16,2,9
2017-04-22,21,8,35,1,11,9,12
2017-04-24,23,4,30,17,20,2,3
2017-04-26,33,19,34,15,32,12,9
2017-04-29,9,7,15,19,13,10,3
2017-05-01,9,31,12,22,14,8,5
2017-05-03,14,12,17,20,28,2,6
2017-05-06,29,22,18,17,14,11,10
2017-05-08,24,28,33,19,3,12,4
2017-05-10,19,26,20,6,22,1,11
2017-05-13,16,30,33,32,29,5,4
2017-05-15,22,19,30,20,33,3,9
2017-05-17,24,32,1,4,27,10,3
2017-05-20,24,19,23,16,12,5,2
2017-05-22,20,28,21,14,18,3,6
2017-05-24,11,13,17,8,15,3,10
2017-05-27,15,20,31,9,26,5,12
2017-05-29,23,10,25,19,30,4,2
2017-05-31,6,8,1,28,4,12,8
2017-06-03,29,21,18,22,24,5,11
2017-06-05,8,27,30,20,1,3,4
2017-06-07,11,28,12,5,19,12,5
2017-06-10,26,15,30,23,11,11,2
2017-06-12,17,18,32,10,35,11,10
2017-06-14,19,7,24,27,8,7,6
2017-06-17,16,32,20,23,10,11,8
2017-06-19,26,6,16,18,30,3,2
2017-06-21,33,1,14,4,11,7,5
2017-06-24,32,1,3,29,34,5,2
2017-06-26,31,18,7,33,28,1,2
2017-06-28,17,11,10,8,13,11,8
2017-07-01,35,16,11,18,5,6,1
2017-07-03,25,35,2,30,7,7,12
2017-07-05,3,4,25,31,1,9,6
2017-07-08,5,34,27,31,4,3,6
2017-07-10,17,19,1,33,32,11,2
2017-07-12,30,8,21,10,31,5,2
2017-07-15,34,2,12,15,20,1,6
2017-07-17,21,5,25,13,20,8,9
2017-07-19,22,2,5,14,34,3,9
2017-07-22,6,21,11,14,31,12,9
2017-07-24,30,13,9,25,14,5,2
2017-07-26,31,18,22,12,15,8,1
2017-07-29,29,14,35,21,3,2,6
2017-07-31,34,35,5,28,31,8,9
2017-08-02,6,3,18,15,5,10,3
2017-08-05,6,3,35,15,22,11,9
2017-08-07,5,1,19,7,16,3,12
2017-08-09,3,34,7,9,17,4,5
2017-08-12,29,5,21,17,6,2,4
2017-08-14,8,33,3,29,5,4,8
2017-08-16,32,15,33,34,35,12,3
2017-08-19,7,28,9,3,17,4,12
2017-08-21,19,22,7,34,14,12,7
2017-08-23,35,6,17,9,30,11,10
2017-08-26,24,9,18,8,17,7,3
2017-08-28,18,5,19,31,2,1,9
2017-08-30,21,25,15,5,29,5,8
2017-09-02,24,1,23,29,12,8,12
2017-09-04,24,29,4,19,20,3,4
2017-09-06,27,11,22,30,9,9,11
2017-09-09,4,32,22,24,15,9,2
2017-09-11,9,12,29,23,18,2,4
2017-09-13,10,4,25,27,19,6,12
2017-09-16,21,22,1,4,15,9,4
2017-09-18,34,19,26,6,9,5,7
2017-09-20,20,10,14,21,35,5,2
2017-09-23,2,34,26,17,14,8,12
2017-09-25,6,5,31,32,20,12,6
2017-09-27,18,23,5,8,17,12,4
2017-09-30,6,18,12,7,23,12,1
2017-10-02,19,14,31,25,20,6,8
2017-10-04,2,32,30,27,33,3,1
2017-10-07,5,9,32,24,7,10,8
2017-10-09,33,16,7,20,2,3,11
2017-10-11,35,29,13,5,7,3,8
2017-10-14,27,26,8,24,15,6,5
2017-10-16,1,6,12,26,31,7,1
2017-10-18,12,3,29,34,18,11,3
2017-10-21,23,26,3,32,15,1,12
2017-10-23,30,29,35,3,32,8,3
2017-10-25,28,18,26,7,11,5,4
2017-10-28,3,13,33,4,24,11,1
2017-10-30,22,18,21,2,15,10,3
2017-11-01,18,13,33,9,11,3,2
2017-11-04,20,33,32,17,5,4,9
2017-11-06,34,18,28,33,5,3,4
2017-11-08,34,5,8,19,3,12,1
2017-11-11,23,27,17,26,11,1,10
2017-11-13,15,33,17,19,32,1,3
2017-11-15,32,34,18,19,7,2,10
2017-11-18,12,1,19,15,22,4,2
2017-11-20,22,11,1,20,21,4,3
2017-11-22,28,1,20,29,22,7,5
2017-11-25,20,25,7,4,9,11,2
2017-11-27,6,25,19,32,2,12,9
2017-11-29,16,10,29,26,25,5,1
2017-12-02,8,21,29,2,22,5,3
2017-12-04,1,19,5,28,16,10,2
2017-12-06,29,24,32,9,6,2,7
2017-12-09,23,21,29,32,3,10,11
2017-12-11,4,18,19,17,7,10,3
2017-12-13,5,1,35,14,11,9,10
2017-12-16,34,25,17,5,16,1,11
2017-12-18,27,19,31,32,35,12,11
2017-12-20,26,19,25,10,18,12,4
2017-12-23,10,3,6,18,13,9,11
2017-12-25,5,23,32,28,6,4,5
2017-12-27,23,7,28,2,4,2,8
2017-12-30,1,26,24,9,34,9,12
2018-01-01,13,35,1,25,22,3,4
2018-01-03,34,12,20,23,27,6,1
2018-01-06,30,21,23,24,4,9,10
2018-01-08,4,30,22,28,9,1,10
2018-01-10,30,24,23,9,4,11,8
2018-01-13,19,32,20,33,30,5,3
2018-01-15,4,28,31,34,3,4,11
2018-01-17,9,17,15,22,20,11,10
2018-01-20,30,34,28,12,10,3,4
2018-01-22,25,28,24,29,26,12,4
2018-01-24,15,3,13,26,23,10,1
2018-01-27,29,24,22,3,34,11,7
2018-01-29,24,8,33,31,35,10,7
2018-01-31,31,24,14,16,18,1,8
2018-02-03,13,15,18,4,29,5,11
2018-02-05,1,12,2,23,13,9,12
2018-02-07,31,21,23,4,19,4,9
2018-02-10,28,24,8,13,6,6,12
2018-02-12,10,21,19,11,28,5,12
2018-02-14,21,10,1,14,13,12,9
2018-02-24,8,6,5,15,9,4,11
2018-02-26,33,19,10,35,2,5,6
2018-02-28,13,18,29,12,21,8,2
2018-03-03,32,2,16,30,24,4,7
2018-03-05,9,15,34,8,7,8,7
2018-03-07,4,1,3,30,2,5,3
2018-03-10,1,26,18,21,20,11,4
2018-03-12,4,19,25,30,35,4,7
2018-03-14,21,25,3,29,9,8,1
2018-03-17,5,28,18,32,21,11,9
2018-03-19,23,17,13,3,8,5,11
2018-03-21,17,32,7,10,35,5,12
2018-03-24,19,34,23,3,2,4,9
2018-03-26,22,8,27,32,11,3,7
2018-03-28,5,24,7,10,12,11,7
2018-03-31,17,18,11,27,21,8,7
2018-04-02,27,30,1,31,3,2,11
2018-04-04,23,31,14,25,32,1,3
2018-04-07,14,32,7,29,2,11,10
2018-04-09,18,27,31,5,7,8,1
2018-04-11,23,25,33,31,1,1,12
2018-04-14,25,29,3,35,19,5,9
2018-04-16,3,6,13,33,28,4,11
2018-04-18,4,6,2,18,21,5,8
2018-04-21,2,35,20,5,30,5,9
2018-04-23,20,32,29,10,22,5,10
2018-04-25,3,8,14,20,10,4,8
2018-04-28,3,2,20,11,25,2,7
2018-04-30,4,9,7,13,10,12,6
2018-05-02,24,34,35,26,22,6,12
2018-05-05,18,35,28,29,9,3,11
2018-05-07,16,18,5,25,19,2,7
2018-05-09,25,23,21,11,16,12,2
2018-05-12,12,20,9,10,30,7,1
2018-05-14,20,33,34,3,7,9,10
2018-05-16,34,16,2,28,4,5,7
2018-05-19,22,19,27,13,28,5,6
2018-05-21,9,11,12,32,26,4,10
2018-05-23,9,35,27,1,10,11,6
2018-05-26,27,22,4,31,29,10,2
2018-05-28,31,12,28,10,4,11,8
2018-05-30,14,35,12,23,19,7,2
2018-06-02,5,32,34,15,14,3,10
2018-06-04,29,1,3,4,11,2,4
2018-06-06,28,32,7,31,10,8,10
2018-06-09,20,33,23,32,1,1,4
2018-06-11,12,7,3,31,18,10,7
2018-06-13,16,12,33,26,8,5,6
2018-06-16,8,13,24,21,1,2,11
2018-06-18,16,10,30,2,5,7,4
2018-06-20,30,2,31,5,23,3,9
2018-06-23,12,5,17,26,24,2,1
2018-06-25,13,25,19,29,24,2,8
2018-06-27,12,28,9,3,30,12,4
2018-06-30,6,12,34,20,1,4,12
2018-07-02,28,7,18,29,32,8,6
2018-07-04,6,15,26,1,9,8,9
2018-07-07,22,12,7,11,30,6,3
2018-07-09,27,4,3,29,10,1,5
2018-07-11,26,16,24,31,7,10,11
2018-07-14,2,21,35,13,10,12,1
2018-07-16,1,14,2,18,17,8,10
2018-07-18,27,7,28,12,25,11,10
2018-07-21,22,6,17,11,35,12,11
2018-07-23,31,1,2,25,14,5,7
2018-07-25,29,31,24,22,16,5,4
2018-07-28,3,25,23,14,19,1,4
2018-07-30,9,33,21,8,25,8,1
2018-08-01,26,34,27,32,28,10,6
2018-08-04,34,20,24,33,6,4,11
2018-08-06,26,6,31,22,28,7,1
2018-08-08,5,19,18,7,14,4,10
2018-08-11,3,11,16,33,18,11,3
2018-08-13,16,11,25,34,30,8,10
2018-08-15,35,7,29,18,14,12,5
2018-08-18,13,20,34,14,28,6,10
2018-08-20,14,10,12,18,23,4,1
2018-08-22,18,2,15,25,27,5,7
2018-08-25,16,13,12,21,20,1,7
2018-08-27,21,6,26,30,20,9,6
2018-08-29,23,29,3,15,14,4,5
2018-09-01,22,6,24,13,7,12,10
2018-09-03,14,26,24,28,35,2,3
2018-09-05,14,13,28,1,26,7,11
2018-09-08,31,16,20,19,1,7,2
2018-09-10,14,4,17,24,31,1,4
2018-09-12,22,9,8,7,10,3,4
2018-09-15,31,9,32,10,24,7,12
2018-09-17,16,34,10,23,25,2,5
2018-09-19,21,6,28,27,19,11,3
2018-09-22,28,27,3,32,16,4,5
2018-09-24,8,29,7,9,3,10,9
2018-09-26,12,27,8,31,33,4,8
2018-09-29,28,18,29,26,12,6,5
2018-10-01,25,13,18,2,6,2,1
2018-10-03,33,21,1,14,17,7,10
2018-10-06,29,7,13,22,11,8,3
2018-10-08,14,34,21,5,4,6,9
2018-10-10,16,11,35,6,9,5,2
2018-10-13,27,30,25,22,21,9,8
2018-10-15,21,7,30,29,6,1,10
2018-10-17,21,8,30,31,9,5,12
2018-10-20,29,32,9,35,6,2,4
2018-10-22,10,20,12,8,19,11,10
2018-10-24,16,20,7,34,21,4,6
2018-10-27,21,11,15,13,27,6,5
2018-10-29,3,1,11,4,29,8,12
2018-10-31,26,14,12,11,16,8,9
2018-11-03,21,22,29,4,7,6,3
2018-11-05,18,3,16,25,4,11,1
2018-11-07,33,12,32,14,21,2,11
2018-11-10,27,16,3,22,23,1,4
2018-11-12,14,12,15,8,19,1,10
2018-11-14,19,5,35,4,31,2,12
2018-11-17,14,27,23,34,19,12,6
2018-11-19,12,21,3,19,11,11,5
2018-11-21,33,7,22,10,23,11,8
2018-11-24,28,23,1,24,33,4,5
2018-11-26,5,11,35,16,28,9,6
2018-11-28,1,12,6,15,8,4,3
2018-12-01,3,23,7,26,33,9,4
2018-12-03,24,34,28,19,29,11,10
2018-12-05,33,7,4,22,20,1,2
2018-12-08,17,24,31,6,18,11,7
2018-12-10,33,18,29,31,9,6,11
2018-12-12,33,13,9,3,8,2,1
2018-12-15,26,1,33,35,11,10,2
2018-12-17,33,24,2,6,34,3,2
2018-12-19,20,7,11,10,1,3,6
2018-12-22,13,31,34,12,5,10,12
2018-12-24,4,29,30,18,8,7,3
2018-12-26,12,28,2,4,5,11,8
2018-12-29,21,6,3,8,7,1,8
2018-12-31,30,23,26,22,14,5,3
2019-01-02,28,23,26,6,18,3,12
2019-01-05,31,14,22,7,2,7,1
2019-01-07,20,18,32,4,8,12,10
2019-01-09,16,31,15,32,17,3,9
2019-01-12,34,29,21,27,26,5,6
2019-01-14,17,25,14,19,30,8,4
2019-01-16,12,16,3,29,32,1,5
2019-01-19,17,3,8,24,20,6,11
2019-01-21,15,18,26,3,9,12,6
2019-01-23,27,7,24,25,3,2,12
2019-01-26,16,17,12,4,13,4,9
2019-01-28,5,17,18,9,19,7,10
2019-01-30,8,10,18,15,17,1,8
2019-02-02,14,31,28,12,20,11,9
2019-02-11,13,2,5,10,30,4,6
2019-02-13,13,16,3,28,5,6,2
2019-02-16,22,5,1,7,25,3,4
2019-02-18,34,3,18,26,19,6,12
2019-02-20,32,19,25,4,11,1,2
2019-02-23,8,16,27,1,34,12,3
2019-02-25,13,24,33,7,17,1,10
2019-02-27,4,1,21,14,15,5,1
2019-03-02,30,14,3,26,1,11,6
2019-03-04,19,29,33,11,17,8,9
2019-03-06,16,29,19,6,13,7,3
2019-03-09,15,17,12,19,10,3,2
2019-03-11,16,18,24,25,27,7,2
2019-03-13,28,29,33,6,22,2,7
2019-03-16,1,24,4,28,18,2,3
2019-03-18,14,7,13,33,9,4,2
2019-03-20,33,3,26,8,21,4,5
2019-03-23,1,11,4,30,7,7,8
2019-03-25,16,2,24,1,4,7,9
2019-03-27,12,8,27,30,15,2,1
2019-03-30,3,1,18,7,5,9,8
2019-04-01,21,9,28,3,30,12,1
2019-04-03,26,16,33,6,35,8,4
2019-04-06,11,16,27,5,18,12,7
2019-04-08,12,1,26,35,18,6,12
2019-04-10,3,1,32,34,31,3,1
2019-04-13,20,28,12,19,22,6,2
2019-04-15,33,10,28,4,13,12,11
2019-04-17,6,15,12,2,7,6,12
2019-04-20,31,12,3,10,6,1,2
2019-04-22,16,4,1,33,19,12,3
2019-04-24,15,8,35,14,2,12,10
2019-04-27,10,4,32,16,3,9,4
2019-04-29,16,10,29,6,33,5,11
2019-05-01,27,22,10,26,16,11,7
2019-05-04,4,20,16,15,35,12,3
2019-05-06,16,11,29,20,15,8,4
2019-05-08,15,4,20,24,10,7,11
2019-05-11,11,1,26,19,35,11,12
2019-05-13,27,30,18,2,23,10,5
2019-05-15,4,22,6,2,19,6,2
2019-05-18,12,23,7,10,1,8,6
2019-05-20,14,35,34,16,8,6,12
2019-05-22,32,13,10,3,14,11,7
2019-05-25,15,32,27,8,7,12,8
2019-05-27,21,12,18,1,11,10,8
2019-05-29,1,13,2,26,14,11,5
2019-06-01,5,25,23,28,16,12,1
2019-06-03,21,5,8,18,15,8,4
2019-06-05,7,13,19,8,29,11,12
2019-06-08,27,23,3,8,10,2,12
2019-06-10,31,4,11,10,18,5,8
2019-06-12,8,15,3,11,16,2,10
2019-06-15,17,8,5,4,27,6,11
2019-06-17,33,8,23,34,22,6,4
2019-06-19,15,2,13,34,22,2,12
2019-06-22,7,13,14,22,15,11,7
2019-06-24,6,9,18,4,2,7,10
2019-06-26,19,11,4,24,20,8,11
2019-06-29,9,13,8,14,34,7,5
2019-07-01,5,16,11,6,7,2,11
2019-07-03,29,11,6,23,1,11,1
2019-07-06,1,33,17,15,21,10,7
2019-07-08,26,5,30,10,21,7,1
2019-07-10,10,13,28,35,16,5,4
2019-07-13,18,24,5,13,19,2,7
2019-07-15,33,30,26,24,6,2,7
2019-07-17,21,31,18,20,6,4,3
2019-07-20,32,17,28,24,26,9,7
2019-07-22,23,25,12,35,34,7,1
2019-07-24,26,4,6,5,15,8,11
2019-07-27,5,15,28,31,16,2,7
2019-07-29,6,27,18,19,5,12,7
2019-07-31,1,33,18,5,27,6,8
2019-08-03,9,34,33,14,18,3,12
2019-08-05,13,33,28,30,19,2,12
2019-08-07,28,4,20,13,26,3,12
2019-08-10,27,15,11,2,30,2,5
2019-08-12,17,16,26,35,29,1,7
2019-08-14,1,14,12,26,27,9,7
2019-08-17,12,31,3,19,17,6,2
2019-08-19,22,12,23,2,27,2,6
2019-08-21,35,20,17,10,30,10,12
2019-08-24,17,15,22,19,13,4,3
2019-08-26,33,4,6,18,27,9,7
2019-08-28,12,5,19,21,8,11,6
2019-08-31,18,19,5,27,11,6,5
2019-09-02,31,5,19,10,15,3,6
2019-09-04,12,5,22,27,32,4,7
2019-09-07,22,2,7,28,19,3,5
2019-09-09,9,4,17,14,1,1,6
2019-09-11,32,8,5,35,10,2,10
2019-09-14,9,5,27,35,19,2,3
2019-09-16,27,31,24,34,28,4,8
2019-09-18,25,20,2,7,8,11,12
2019-09-21,19,1,24,23,30,4,5
2019-09-23,15,23,6,20,27,8,10
2019-09-25,33,21,3,10,16,6,5
2019-09-28,27,3,34,11,35,1,2
2019-09-30,23,7,3,20,5,4,11
2019-10-09,21,18,1,32,28,5,12
2019-10-12,16,10,2,21,23,12,2
2019-10-14,35,25,21,1,18,8,7
2019-10-16,26,19,13,2,3,2,3
2019-10-19,3,6,23,9,34,2,11
2019-10-21,6,15,17,22,25,9,1
2019-10-23,1,17,2,3,7,4,10
2019-10-26,5,25,19,33,31,11,10
2019-10-28,30,26,15,3,13,5,12
2019-10-30,27,30,17,7,26,12,6
2019-11-02,34,9,14,5,8,2,5
2019-11-04,5,18,16,9,30,4,7
2019-11-06,7,16,8,4,11,11,9
2019-11-09,25,21,34,20,35,3,12
2019-11-11,18,13,30,23,10,6,12
2019-11-13,1,21,13,26,20,10,4
2019-11-16,29,6,5,27,14,10,6
2019-11-18,13,6,18,3,5,10,12
2019-11-20,27,24,34,12,3,1,12
2019-11-23,7,5,17,14,6,10,11
2019-11-25,19,5,26,25,4,1,11
2019-11-27,3,16,26,20,29,3,9
2019-11-30,13,5,12,3,26,12,7
2019-12-02,4,20,7,6,29,2,4
2019-12-04,8,11,1,5,7,6,10
2019-12-07,27,3,25,8,7,3,5
2019-12-09,2,21,20,10,35,12,1
2019-12-11,29,26,3,33,4,7,6
2019-12-14,32,22,24,23,4,6,12
2019-12-16,2,28,31,5,20,2,11
2019-12-18,5,32,19,9,22,5,3
2019-12-21,34,26,33,10,11,6,1
2019-12-23,9,12,19,22,33,7,8
2019-12-25,11,30,4,3,7,9,8
2019-12-28,1,33,2,35,7,6,10
2019-12-30,16,7,11,12,33,7,5
2020-01-01,26,34,17,32,25,4,7
2020-01-04,25,18,7,30,3,7,2
2020-01-06,30,23,26,25,34,7,3
2020-01-08,20,17,21,29,30,5,9
2020-01-11,10,34,35,6,33,3,1
2020-01-13,22,32,9,31,25,8,12
2020-01-15,2,10,30,19,24,5,8
2020-01-18,17,14,24,32,19,6,1
2020-01-20,34,19,31,29,35,10,6
2020-03-14,13,1,8,32,24,9,2
2020-03-16,2,22,23,13,19,2,7
2020-03-18,34,18,6,1,32,3,1
2020-03-21,1,4,35,5,11,9,3
2020-03-23,9,7,17,3,21,3,6
2020-03-25,1,7,24,26,23,3,7
2020-03-28,35,19,8,4,31,1,2
2020-03-30,9,6,10,1,7,11,2
2020-04-01,9,16,24,26,14,12,4
2020-04-04,1,22,33,12,23,1,12
2020-04-06,8,10,12,26,32,5,9
2020-04-08,31,33,10,12,24,4,9
2020-04-11,14,4,20,35,28,2,3
2020-04-13,11,26,23,4,30,1,6
2020-04-15,24,3,5,30,6,7,3
2020-04-18,22,26,21,14,2,7,5
2020-04-20,32,26,3,34,15,12,8
2020-04-22,32,20,25,4,7,9,3
2020-04-25,4,35,5,34,28,8,1
2020-04-27,11,22,17,30,14,9,7
2020-04-29,8,1,17,30,27,5,6
2020-05-02,2,1,5,21,15,4,5
2020-05-04,9,32,2,16,3,3,4
2020-05-06,34,19,20,7,31,8,5
2020-05-09,13,20,31,11,27,2,4
2020-05-11,28,11,10,26,22,4,2
2020-05-13,11,1,5,26,12,2,7
2020-05-16,4,10,1,11,14,2,5
2020-05-18,20,24,22,15,4,1,9
2020-05-20,1,5,22,31,15,9,2
2020-05-23,29,28,2,20,17,1,7
2020-05-25,13,34,7,20,29,4,7
2020-05-27,5,11,3,4,22,5,6
2020-05-30,17,32,31,12,13,6,1
2020-06-01,3,1,28,22,30,2,5
2020-06-03,23,9,27,16,2,8,3
2020-06-06,27,34,15,24,30,12,4
2020-06-08,18,4,28,27,30,3,10
2020-06-10,9,3,10,16,15,9,7
2020-06-13,22,11,3,30,15,10,8
2020-06-15,34,16,3,22,14,2,6
2020-06-17,19,7,2,9,33,7,1
2020-06-20,26,11,28,35,9,6,7
2020-06-22,21,2,27,15,18,6,3
2020-06-24,11,20,19,14,15,3,7
2020-06-27,12,4,34,3,18,10,12
2020-06-29,25,3,11,34,29,3,6
2020-07-01,20,17,31,22,21,2,8
2020-07-04,1,27,26,15,19,5,10
2020-07-06,1,28,15,22,32,3,11
2020-07-08,12,25,34,35,14,12,3
2020-07-11,7,12,26,21,8,1,6
2020-07-13,14,1,5,31,23,2,7
2020-07-15,33,20,18,11,21,6,7
2020-07-18,5,10,35,23,34,1,11
2020-07-20,26,13,33,15,32,5,7
2020-07-22,34,35,14,6,21,10,3
2020-07-25,8,1,28,16,14,10,4
2020-07-27,15,33,26,23,20,2,8
2020-07-29,26,30,31,5,7,7,10
2020-08-01,32,30,22,1,31,12,4
2020-08-03,1,12,16,28,33,12,3
2020-08-05,11,20,18,27,15,5,6
2020-08-08,23,4,27,12,10,8,9
2020-08-10,21,9,3,12,10,4,11
2020-08-12,21,10,35,2,9,7,1
2020-08-15,18,8,1,30,28,10,12
2020-08-17,17,28,29,32,23,3,1
2020-08-19,14,20,18,28,34,10,11
2020-08-22,29,4,35,16,24,12,2
2020-08-24,25,22,24,6,3,9,10
2020-08-26,32,15,1,35,13,8,10
2020-08-29,21,34,12,2,11,4,8
2020-08-31,32,2,1,17,34,4,9
2020-09-02,24,10,20,2,31,6,12
2020-09-05,4,3,11,15,28,2,3
2020-09-07,11,8,28,20,15,10,4
2020-09-09,29,4,23,20,1,4,8
2020-09-12,23,26,35,7,2,1,12
2020-09-14,16,13,27,22,20,1,2
2020-09-16,29,27,5,28,6,12,11
2020-09-19,20,31,12,16,23,12,5
2020-09-21,17,31,8,35,11,11,7
2020-09-23,6,25,28,27,14,4,11
2020-09-26,8,16,7,6,4,8,2
2020-09-28,25,18,32,26,2,7,2
2020-09-30,10,25,28,8,7,11,3
2020-10-05,5,27,30,25,34,6,12
2020-10-07,9,15,4,24,35,10,4
2020-10-10,3,15,2,27,11,4,12
2020-10-12,33,22,5,8,4,10,7
2020-10-14,3,9,34,4,5,9,7
2020-10-17,11,7,29,18,20,12,9
2020-10-19,23,12,19,7,13,8,2
2020-10-21,3,26,12,23,30,4,7
2020-10-24,12,13,8,3,22,4,12
2020-10-26,11,14,3,27,2,4,10
2020-10-28,13,17,28,4,1,7,3
2020-10-31,33,6,2,3,7,8,9
2020-11-02,2,21,32,23,20,12,6
2020-11-04,20,28,11,16,21,11,5
2020-11-07,28,9,5,7,20,2,7
2020-11-09,32,30,11,13,8,6,2
2020-11-11,14,18,33,28,6,5,2
2020-11-14,24,21,30,12,10,3,7
2020-11-16,18,9,23,1,19,1,9
2020-11-18,22,10,16,8,12,3,9
2020-11-21,24,7,20,23,19,10,5
2020-11-23,33,30,9,1,15,4,9
2020-11-25,22,28,14,24,32,8,7
2020-11-28,26,5,25,35,30,10,4
2020-11-30,9,35,27,17,28,3,8
2020-12-02,29,8,35,34,19,11,6
2020-12-05,7,1,15,21,11,4,11
2020-12-07,26,24,35,15,11,5,4
2020-12-09,1,22,8,2,3,4,1
2020-12-12,4,9,1,28,22,12,4
2020-12-14,18,1,26,17,4,10,3
2020-12-16,13,12,33,9,26,4,10
2020-12-19,22,27,10,33,34,11,1
2020-12-21,16,32,23,17,26,12,2
2020-12-23,35,8,25,29,27,3,2
2020-12-26,17,3,16,21,15,7,10
2020-12-28,24,35,26,11,33,8,9
2020-12-30,8,25,13,22,11,4,7
2021-01-02,2,33,19,12,6,9,8
2021-01-04,2,31,16,26,34,9,11
2021-01-06,31,28,7,21,35,4,10
2021-01-09,28,10,5,23,17,8,2
2021-01-11,12,3,10,35,7,3,5
2021-01-13,25,28,4,35,22,4,5
2021-01-16,30,34,35,23,5,8,10
2021-01-18,33,27,20,5,19,8,3
2021-01-20,20,29,32,1,3,5,12
2021-01-23,1,34,22,5,16,8,11
2021-01-25,21,6,11,14,9,1,3
2021-01-27,23,6,12,20,33,1,9
2021-01-30,30,34,27,28,21,8,11
2021-02-01,29,7,20,13,27,9,4
2021-02-03,8,25,17,4,19,1,7
2021-02-06,10,19,34,8,9,2,1
2021-02-08,21,32,29,17,26,7,2
2021-02-20,23,26,20,34,2,10,5
2021-02-22,12,1,28,13,29,3,4
2021-02-24,7,30,22,33,21,4,6
2021-02-27,29,33,35,18,16,9,12
2021-03-01,30,33,12,22,2,4,2
2021-03-03,16,13,7,9,32,2,9
2021-03-06,31,14,24,21,11,2,10
2021-03-08,17,23,18,30,31,10,12
2021-03-10,11,24,7,20,27,1,11
2021-03-13,30,9,26,21,22,12,4
2021-03-15,17,29,3,2,5,4,10
2021-03-17,2,6,32,33,10,7,4
2021-03-20,26,25,32,18,23,7,2
2021-03-22,1,34,19,20,4,5,3
2021-03-24,14,1,35,11,34,10,7
2021-03-27,5,32,1,3,30,1,5
2021-03-29,25,8,10,34,14,7,8
2021-03-31,5,16,11,30,32,3,4
2021-04-03,8,25,33,17,28,11,7
2021-04-05,27,33,29,10,21,12,4
2021-04-07,20,9,29,11,32,1,7
2021-04-10,14,12,21,35,4,2,11
2021-04-12,2,19,16,3,9,7,3
2021-04-14,9,11,32,5,2,4,9
2021-04-17,23,9,15,20,29,5,4
2021-04-19,7,19,17,34,12,10,1
2021-04-21,35,6,33,31,18,10,11
2021-04-24,4,1,19,6,11,7,9
2021-04-26,14,6,8,18,12,8,6
2021-04-28,1,25,9,33,6,8,4
2021-05-01,17,4,7,21,27,10,12
2021-05-03,23,22,1,25,10,12,2
2021-05-05,32,9,33,22,35,5,10
2021-05-08,1,4,14,16,19,3,4
2021-05-10,2,14,11,30,13,12,9
2021-05-12,35,17,6,15,3,11,7
2021-05-15,3,20,25,6,17,3,9
2021-05-17,24,3,10,6,11,11,10
2021-05-19,26,11,16,3,21,10,9
2021-05-22,20,28,5,7,19,7,5
2021-05-24,17,23,13,34,15,1,11
2021-05-26,28,4,35,16,27,9,2
2021-05-29,9,33,31,25,13,7,3
2021-05-31,15,32,26,19,20,7,4
2021-06-02,32,6,34,4,23,5,7
2021-06-05,9,5,14,30,29,9,11
2021-06-07,1,34,17,32,19,6,10
2021-06-09,23,25,30,35,31,7,8
2021-06-12,29,35,34,24,26,9,11
2021-06-14,34,1,4,23,22,9,8
2021-06-16,26,30,2,21,20,2,10
2021-06-19,24,32,3,33,1,6,4
2021-06-21,3,21,20,22,24,12,6
2021-06-23,8,35,29,11,16,1,4
2021-06-26,3,22,2,15,26,3,11
2021-06-28,24,12,8,14,20,6,10
2021-06-30,20,18,11,25,14,7,3
2021-07-03,14,20,15,17,6,1,5
2021-07-05,6,25,26,22,13,4,2
2021-07-07,9,2,21,25,6,8,6
2021-07-10,17,19,8,2,25,5,1
2021-07-12,19,26,14,33,6,8,11
2021-07-14,15,20,29,16,30,6,10
2021-07-17,5,35,24,13,29,8,7
2021-07-19,14,33,1,22,29,10,3
2021-07-21,9,7,35,11,26,8,1
2021-07-24,14,2,30,10,33,9,6
2021-07-26,1,12,26,15,35,11,10
2021-07-28,3,16,17,7,2,6,10
2021-07-31,14,10,15,28,25,3,10
2021-08-02,14,35,34,2,31,1,7
2021-08-04,24,35,1,17,28,12,10
2021-08-07,32,7,6,26,19,12,6
2021-08-09,4,10,1,29,21,5,3
2021-08-11,28,14,12,34,27,3,7
2021-08-14,31,27,20,25,28,11,8
2021-08-16,33,24,6,5,27,12,5
2021-08-18,20,19,15,30,10,12,11
2021-08-21,20,10,21,8,7,1,5
2021-08-23,30,31,26,33,11,10,3
2021-08-25,7,21,2,27,33,9,7
2021-08-28,19,27,28,15,30,3,4
2021-08-30,26,23,7,11,28,2,7
2021-09-01,19,13,18,32,27,6,11
2021-09-04,16,2,11,8,23,2,7
2021-09-06,23,30,4,31,10,11,5
2021-09-08,26,23,25,30,33,3,11
2021-09-11,17,7,10,18,11,4,9
2021-09-13,32,34,14,2,13,2,12
2021-09-15,13,5,20,25,3,11,7
2021-09-18,26,35,19,5,22,6,2
2021-09-20,7,27,4,31,3,6,9
2021-09-22,11,29,31,32,14,12,11
2021-09-25,8,19,28,15,7,9,8
2021-09-27,22,23,18,35,21,11,12
2021-09-29,25,17,18,28,27,4,8
2021-10-06,9,8,29,13,30,1,11
2021-10-09,13,29,20,8,19,10,6
2021-10-11,25,35,28,4,29,11,3
2021-10-13,21,33,11,18,22,5,6
2021-10-16,34,28,14,17,18,2,3
2021-10-18,9,30,16,1,2,9,10
2021-10-20,5,21,10,31,25,5,11
2021-10-23,30,2,29,15,19,9,2
2021-10-25,27,15,26,29,14,5,4
2021-10-27,26,27,8,33,23,9,8
2021-10-30,17,35,25,22,10,7,9
2021-11-01,21,19,17,31,27,4,9
2021-11-03,1,11,12,34,35,9,12
2021-11-06,2,26,17,15,1,2,11
2021-11-08,18,27,17,14,23,8,5
2021-11-10,18,34,2,16,17,4,10
2021-11-13,28,2,14,3,27,10,5
2021-11-15,16,35,34,6,8,5,6
2021-11-17,33,28,21,4,29,3,11
2021-11-20,26,9,28,8,17,8,6
2021-11-22,2,19,28,6,14,1,6
2021-11-24,17,31,4,29,7,5,6
2021-11-27,27,33,19,8,12,2,5
2021-11-29,2,13,19,7,14,5,4
2021-12-01,9,11,15,31,12,5,11
2021-12-04,18,34,23,13,5,8,9
2021-12-06,35,33,5,24,26,9,12
2021-12-08,8,2,34,16,29,5,12
2021-12-11,11,19,17,25,13,2,9
2021-12-13,34,9,19,29,17,11,4
2021-12-15,25,3,34,20,30,2,9
2021-12-18,29,8,25,3,30,1,6
2021-12-20,20,18,8,5,3,11,9
2021-12-22,8,26,1,12,2,1,7
2021-12-25,1,16,4,29,12,8,4
2021-12-27,20,30,35,26,28,11,10
2021-12-29,4,11,26,10,23,10,7
2022-01-01,19,29,8,11,22,3,11
2022-01-03,9,4,24,6,7,12,4
2022-01-05,34,2,24,25,18,8,12
2022-01-08,33,30,7,27,20,3,4
2022-01-10,17,13,19,34,2,5,9
2022-01-12,7,5,20,1,17,5,12
2022-01-15,5,35,25,23,22,3,11
2022-01-17,1,2,13,18,34,6,7
2022-01-19,31,18,14,33,13,7,10
2022-01-22,25,19,4,35,31,11,2
2022-01-24,24,3,5,32,17,5,12
2022-01-26,10,5,34,33,3,10,7
2022-02-09,25,32,16,9,4,5,6
2022-02-12,1,10,4,18,32,1,9
2022-02-14,8,12,1,2,30,5,12
2022-02-16,1,26,7,32,17,9,1
2022-02-19,18,14,25,10,23,11,7
2022-02-21,34,29,21,16,31,6,9
2022-02-23,21,1,7,4,17,2,1
2022-02-26,35,16,30,31,17,9,8
2022-02-28,18,15,35,11,16,9,6
2022-03-02,1,17,14,28,5,6,7
2022-03-05,5,25,18,4,20,12,11
2022-03-07,11,2,35,30,1,12,1
2022-03-09,24,29,22,7,4,1,7
2022-03-12,14,22,11,27,23,8,10
2022-03-14,11,32,3,31,6,12,5
2022-03-16,4,16,17,35,9,1,7
2022-03-19,17,10,14,7,8,10,12
2022-03-21,14,12,30,21,15,1,9
2022-03-23,28,20,16,14,7,8,4
2022-03-26,5,9,32,31,18,1,5
2022-03-28,33,19,8,15,16,4,3
2022-03-30,2,24,28,27,10,7,6
2022-04-02,13,9,11,31,23,8,5
2022-04-04,19,26,34,21,18,7,6
2022-04-06,1,20,9,28,17,6,10
2022-04-09,9,7,12,11,26,12,9
2022-04-11,31,8,11,1,22,11,5
2022-04-13,19,25,33,10,29,12,8
2022-04-16,26,33,25,15,5,11,6
2022-04-18,11,10,29,8,32,2,6
2022-04-20,16,24,2,17,30,12,9
2022-04-23,20,2,1,16,17,7,3
2022-04-25,3,12,2,7,20,5,1
2022-04-27,27,22,6,12,7,3,5
2022-04-30,7,10,33,11,12,11,3
2022-05-02,29,32,28,22,16,8,9
2022-05-04,20,28,6,10,35,10,1
2022-05-07,2,21,10,24,30,8,10
2022-05-09,17,1,19,33,16,5,6
2022-05-11,13,18,1,35,29,4,9
2022-05-14,19,25,20,17,9,9,1
2022-05-16,34,21,23,16,5,7,10
2022-05-18,12,15,2,1,23,4,6
2022-05-21,2,31,11,17,15,9,7
2022-05-23,18,6,35,12,21,10,7
2022-05-25,35,3,24,26,4,8,7
2022-05-28,18,34,4,32,15,4,9
2022-05-30,2,6,10,20,11,3,9
2022-06-01,30,6,19,9,22,1,6
2022-06-04,11,5,9,12,31,7,11
2022-06-06,22,26,2,31,3,6,10
2022-06-08,35,25,2,19,22,7,5
2022-06-11,22,13,5,28,10,1,4
2022-06-13,34,2,25,24,26,12,3
2022-06-15,15,33,14,32,4,11,10
2022-06-18,10,6,3,23,15,3,8
2022-06-20,2,3,28,35,23,9,2
2022-06-22,17,23,1,7,35,7,11
2022-06-25,15,19,29,9,25,8,9
2022-06-27,15,30,1,12,13,7,3
2022-06-29,18,32,21,25,11,4,2
2022-07-02,2,25,28,21,6,6,2
2022-07-04,12,13,4,17,18,9,7
2022-07-06,30,17,5,35,34,2,9
2022-07-09,19,10,11,5,16,10,1
2022-07-11,18,3,2,27,20,2,1
2022-07-13,26,32,7,10,19,8,12
2022-07-16,31,17,34,30,10,6,3
2022-07-18,19,31,32,10,5,9,10
2022-07-20,27,33,30,26,4,9,2
2022-07-23,26,2,32,17,9,6,4
2022-07-25,25,3,27,11,19,12,4
2022-07-27,11,33,16,35,31,8,6
2022-07-30,28,21,10,31,4,11,8
2022-08-01,6,24,10,4,28,6,12
2022-08-03,8,20,35,10,1,6,11
2022-08-06,33,31,20,1,21,3,11
2022-08-08,1,25,31,24,20,9,12
2022-08-10,22,2,20,11,34,12,4
2022-08-13,12,4,29,23,1,5,12
2022-08-15,11,29,21,7,14,7,10
2022-08-17,19,4,7,12,3,5,2
2022-08-20,35,25,8,22,5,2,7
2022-08-22,16,33,19,24,27,1,6
2022-08-24,29,22,28,5,13,5,11
2022-08-27,11,3,1,6,13,11,3
2022-08-29,33,7,18,27,25,4,5
2022-08-31,10,20,19,31,23,7,3
2022-09-03,2,7,6,4,8,6,3
2022-09-05,1,20,14,5,30,4,2
2022-09-07,8,21,16,32,12,12,1
2022-09-10,19,13,25,3,5,2,5
2022-09-12,9,1,8,21,22,4,1
2022-09-14,21,32,17,28,16,7,4
2022-09-17,29,9,7,28,19,10,8
2022-09-19,26,13,7,28,4,11,7
2022-09-21,29,35,9,24,5,5,12
2022-09-24,16,13,2,18,23,6,3
2022-09-26,19,31,16,6,12,6,10
2022-09-28,26,11,4,20,18,12,6
2022-10-05,13,33,31,22,15,12,5
2022-10-08,21,24,28,11,27,10,5
2022-10-10,20,19,23,17,27,8,3
2022-10-12,22,20,7,1,31,12,7
2022-10-15,15,9,21,12,32,7,2
2022-10-17,15,17,26,5,2,8,2
2022-10-19,29,16,9,1,25,4,9
2022-10-22,26,22,11,33,30,5,3
2022-10-24,4,16,15,21,20,5,4
2022-10-26,17,19,15,25,4,12,6
2022-10-29,20,28,29,30,2,10,7
2022-10-31,2,4,25,11,30,6,12
2022-11-02,14,3,7,16,19,11,1
2022-11-05,4,5,8,35,22,3,1
2022-11-07,3,8,9,20,2,4,10
2022-11-09,21,19,35,10,23,4,10
2022-11-12,35,23,10,34,17,1,4
2022-11-14,15,18,5,7,23,5,10
2022-11-16,6,8,2,17,10,6,5
2022-11-19,35,2,34,30,27,12,9
2022-11-21,2,14,31,30,1,9,6
2022-11-23,32,23,16,27,3,3,6
2022-11-26,31,27,10,32,9,1,3
2022-11-28,33,11,15,1,17,11,3
2022-11-30,5,8,20,6,15,8,7
2022-12-03,16,27,13,33,5,12,7
2022-12-05,1,14,13,35,22,5,2
2022-12-07,5,25,26,15,29,4,12
2022-12-10,25,5,14,24,6,4,2
2022-12-12,7,29,35,14,12,1,11
2022-12-14,13,27,33,14,10,7,8
2022-12-17,21,8,4,15,3,4,7
2022-12-19,35,30,10,20,29,9,6
2022-12-21,28,1,21,23,35,9,7
2022-12-24,30,4,12,28,22,11,9
2022-12-26,6,26,27,5,4,7,12
2022-12-28,22,15,26,28,19,7,2
2022-12-31,7,6,26,30,29,12,3
2023-01-02,19,27,18,24,34,12,11
2023-01-04,21,27,14,11,26,2,7
2023-01-07,22,5,21,14,6,9,2
2023-01-09,15,22,20,4,13,4,8
2023-01-11,29,1,3,10,20,6,11
2023-01-14,12,2,4,27,35,6,7
2023-01-16,30,24,32,2,3,1,6
2023-01-18,9,4,17,25,22,1,5
2023-01-30,11,33,15,5,1,1,10
2023-02-01,13,26,6,23,5,1,6
2023-02-04,2,7,8,17,25,3,1
2023-02-06,17,28,7,16,18,3,2
2023-02-08,23,1,25,9,2,2,6
2023-02-11,22,18,24,3,8,9,1
2023-02-13,16,8,34,25,24,8,12
2023-02-15,4,2,32,12,31,7,11
2023-02-18,27,2,9,5,22,11,10
2023-02-20,8,26,17,4,30,3,11
2023-02-22,9,5,8,11,15,6,8
2023-02-25,25,23,28,6,5,9,6
2023-02-27,9,27,18,23,2,5,3
2023-03-01,28,11,26,7,15,10,8
2023-03-04,23,25,9,33,21,10,3
2023-03-06,11,30,24,27,15,1,10
2023-03-08,31,30,3,9,27,12,11
2023-03-11,30,13,2,24,27,1,6
2023-03-13,15,12,9,10,23,6,3
2023-03-15,34,1,3,30,29,12,4
2023-03-18,27,25,35,34,7,9,11
2023-03-20,35,20,6,12,11,5,12
2023-03-22,16,25,8,7,5,3,11
2023-03-25,30,5,28,18,6,2,7
2023-03-27,25,6,4,10,11,9,7
2023-03-29,15,9,7,24,10,4,12
2023-04-01,25,14,29,23,7,11,2
2023-04-03,26,13,22,1,31,10,2
2023-04-05,24,16,8,20,6,7,8
2023-04-08,10,4,18,32,27,10,12
2023-04-10,24,34,26,2,30,7,6
2023-04-12,5,18,22,30,4,12,5
2023-04-15,26,13,5,35,8,9,5
2023-04-17,16,27,23,21,2,8,1
2023-04-19,27,17,2,4,20,1,8
2023-04-22,15,6,7,8,2,7,10
2023-04-24,7,28,10,31,13,5,4
2023-04-26,13,21,32,28,25,2,10
2023-04-29,24,12,25,13,10,11,12
2023-05-01,7,32,16,25,13,11,9
2023-05-03,3,22,26,17,28,7,12
2023-05-06,29,8,9,14,25,4,6
2023-05-08,33,11,29,19,3,3,12
2023-05-10,33,8,11,2,30,5,8
2023-05-13,11,1,20,14,3,2,11
2023-05-15,31,34,19,25,30,7,9
2023-05-17,15,6,8,12,13,1,6
2023-05-20,24,13,34,22,33,2,1
2023-05-22,5,6,24,19,1,11,5
2023-05-24,29,19,35,32,22,5,8
2023-05-27,23,13,28,25,9,7,4
2023-05-29,7,24,19,2,30,12,9
2023-05-31,21,32,11,7,30,7,5
2023-06-03,30,8,24,22,6,1,8
2023-06-05,29,4,31,18,34,6,9
2023-06-07,32,9,2,6,31,7,3
2023-06-10,21,16,25,8,14,3,12
2023-06-12,6,13,11,32,30,1,3
2023-06-14,33,28,35,2,30,10,2
2023-06-17,21,24,27,31,22,8,7
2023-06-19,25,20,8,21,32,5,7
2023-06-21,29,33,10,26,32,11,3
2023-06-24,34,2,12,11,32,10,12
2023-06-26,6,9,14,5,11,4,2
2023-06-28,30,25,28,15,35,8,10
2023-07-01,22,13,3,29,34,9,2
2023-07-03,23,7,17,32,20,5,11
2023-07-05,26,11,34,8,9,7,2
2023-07-08,26,18,5,16,35,6,3
2023-07-10,26,3,6,2,27,8,7
2023-07-12,34,6,8,26,29,5,8
2023-07-15,16,1,9,2,30,11,1
2023-07-17,28,5,35,23,6,7,10
2023-07-19,2,9,20,8,15,9,3
2023-07-22,21,32,15,13,25,9,10
2023-07-24,8,3,24,32,5,8,7
2023-07-26,26,35,31,12,11,7,5
2023-07-29,35,20,3,11,15,11,7
2023-07-31,19,16,4,24,3,4,5
2023-08-02,22,14,24,16,8,9,12
2023-08-05,20,12,26,35,3,2,12
2023-08-07,19,11,35,12,8,11,12
2023-08-09,29,16,18,28,6,7,11
2023-08-12,16,21,3,26,32,12,3
2023-08-14,19,17,21,11,14,5,1
2023-08-16,22,19,12,32,28,8,12
2023-08-19,32,19,8,28,34,7,3
2023-08-21,31,21,14,7,6,3,10
2023-08-23,20,6,7,18,22,3,9
2023-08-26,15,30,2,34,7,9,5
2023-08-28,11,23,13,9,22,7,6
2023-08-30,35,13,4,19,6,11,9
2023-09-02,28,6,17,16,14,7,10
2023-09-04,2,33,4,7,16,7,11
2023-09-06,31,19,11,8,32,8,11
2023-09-09,33,16,32,15,6,8,10
2023-09-11,8,20,7,19,25,2,11
2023-09-13,26,28,31,16,24,1,6
2023-09-16,16,15,12,18,1,10,3
2023-09-18,17,32,6,30,5,8,2
2023-09-20,12,31,21,22,1,2,9
2023-09-23,11,9,17,4,13,8,7
2023-09-25,3,28,15,35,12,12,2
2023-09-27,1,27,22,17,11,2,9
2023-09-30,30,8,6,32,33,3,10
2023-10-07,2,35,30,25,27,1,10
2023-10-09,7,31,23,34,10,10,2
2023-10-11,3,9,29,18,1,9,4
2023-10-14,18,7,20,5,15,3,4
2023-10-16,13,25,6,7,33,8,5
2023-10-18,10,14,8,4,21,4,10
2023-10-21,16,31,8,2,34,1,10
2023-10-23,33,11,23,15,5,9,1
2023-10-25,25,29,7,9,1,12,10
2023-10-28,16,2,30,14,28,7,2
2023-10-30,32,23,27,18,6,10,6
2023-11-01,25,26,32,7,29,8,2
2023-11-04,7,26,12,34,17,6,2
2023-11-06,4,7,8,19,18,2,6
2023-11-08,1,12,13,5,7,2,6
2023-11-11,23,25,27,9,33,12,6
2023-11-13,13,29,30,20,27,1,7
2023-11-15,22,7,3,24,21,6,7
2023-11-18,3,23,4,15,12,6,2
2023-11-20,28,18,10,25,33,5,11
2023-11-22,22,10,15,33,27,1,12
2023-11-25,18,5,22,28,29,9,12
2023-11-27,13,34,23,30,27,6,9
2023-11-29,30,19,31,4,21,12,6
2023-12-02,7,31,12,28,20,10,9
2023-12-04,15,16,31,34,25,5,9
2023-12-06,2,30,19,9,1,1,2
2023-12-09,22,30,25,31,4,4,5
2023-12-11,13,17,32,15,4,10,12
2023-12-13,33,29,20,9,23,2,10
2023-12-16,35,25,5,14,18,10,1
2023-12-18,12,10,32,6,33,6,7
2023-12-20,18,31,26,19,14,2,7
2023-12-23,33,19,7,6,34,3,8
2023-12-25,12,21,20,11,27,12,2
2023-12-27,17,1,16,21,29,6,1
2023-12-30,17,5,18,6,33,11,12
2024-01-01,17,3,9,35,26,7,2
2024-01-03,27,6,32,1,8,4,3
2024-01-06,7,23,29,9,12,1,2
2024-01-08,2,27,6,18,19,9,8
2024-01-10,7,9,5,12,3,8,5
2024-01-13,13,17,16,33,8,10,2
2024-01-15,5,34,28,4,35,11,4
2024-01-17,4,11,20,6,30,5,3
2024-01-20,18,15,26,19,24,9,5
2024-01-22,10,2,15,8,27,8,2
2024-01-24,32,34,3,27,1,7,1
2024-01-27,34,25,21,26,22,9,1
2024-01-29,5,22,25,30,28,3,12
2024-01-31,21,31,16,4,5,9,11
2024-02-03,8,24,31,14,11,5,6
2024-02-05,15,29,18,25,27,6,11
2024-02-07,25,3,27,35,7,4,1
2024-02-19,19,4,27,25,12,1,9
2024-02-21,26,19,20,29,30,3,4
2024-02-24,4,8,2,19,26,2,6
2024-02-26,12,16,28,1,20,7,9
2024-02-28,9,31,7,11,32,4,8
2024-03-02,12,14,8,10,22,5,9
2024-03-04,17,12,26,5,3,1,12
2024-03-06,2,1,18,8,27,4,8
2024-03-09,21,33,1,26,18,12,2
2024-03-11,16,8,22,23,9,9,7
2024-03-13,20,18,28,26,13,4,8
2024-03-16,19,24,28,34,4,5,4
2024-03-18,8,11,9,19,30,6,12
2024-03-20,15,34,9,30,12,6,5
2024-03-23,5,26,33,35,15,9,1
2024-03-25,10,11,15,4,8,9,7
2024-03-27,29,26,27,33,23,5,8
2024-03-30,17,29,5,33,13,12,5
2024-04-01,2,11,5,34,32,10,6
2024-04-03,17,35,29,19,20,7,11
2024-04-06,25,15,29,22,24,1,5
2024-04-08,3,20,11,10,22,10,6
2024-04-10,5,29,30,12,16,3,6
2024-04-13,8,16,28,14,6,3,5
2024-04-15,35,8,15,23,1,5,12
2024-04-17,8,4,3,14,27,7,5
2024-04-20,17,15,3,22,13,6,10
2024-04-22,32,9,31,10,14,8,3
2024-04-24,6,12,30,17,29,11,7
2024-04-27,21,19,11,35,26,11,10
2024-04-29,26,18,28,21,12,9,8
2024-05-01,6,9,4,22,10,1,8
2024-05-04,26,18,14,4,3,9,7
2024-05-06,5,23,29,22,21,2,1
2024-05-08,3,22,13,2,34,4,8
2024-05-11,19,7,35,20,1,9,3
2024-05-13,22,9,5,6,11,1,3
2024-05-15,22,34,30,7,17,5,7
2024-05-18,18,17,35,27,16,6,12
2024-05-20,25,30,34,9,33,3,9
2024-05-22,20,32,10,6,13,1,2
2024-05-25,25,20,17,18,31,12,3
2024-05-27,30,21,25,28,3,12,1
2024-05-29,31,19,12,1,33,8,5
2024-06-01,16,33,14,15,5,3,5
2024-06-03,12,33,7,16,34,3,1
2024-06-05,21,32,5,12,33,9,8
2024-06-08,10,18,26,27,5,3,6
2024-06-10,25,24,13,20,19,6,7
2024-06-12,20,3,14,11,22,6,9
2024-06-15,33,32,15,20,31,5,10
2024-06-17,16,7,20,9,24,7,3
2024-06-19,21,4,20,34,32,2,9
2024-06-22,35,6,34,10,15,10,2
2024-06-24,21,23,17,4,32,1,6
2024-06-26,12,7,23,21,9,5,9
2024-06-29,11,21,10,2,27,11,9
2024-07-01,26,32,28,17,8,10,1
2024-07-03,22,35,27,6,1,7,12
2024-07-06,29,26,3,1,25,12,6
2024-07-08,10,7,5,15,14,7,4
2024-07-10,8,23,3,18,17,11,6
2024-07-13,27,24,28,3,5,9,11
2024-07-15,34,27,15,25,14,1,10
2024-07-17,26,8,21,24,23,4,5
2024-07-20,11,13,12,9,30,9,7
2024-07-22,11,17,4,23,16,10,5
2024-07-24,9,29,35,16,2,1,6
2024-07-27,11,14,22,28,12,7,11
2024-07-29,28,34,20,7,10,5,10
2024-07-31,23,1,2,32,28,3,5
2024-08-03,34,5,29,30,6,8,7
2024-08-05,33,2,6,28,3,11,7
2024-08-07,21,8,1,11,17,2,1
2024-08-10,25,2,26,31,4,1,6
2024-08-12,16,29,28,26,24,8,12
2024-08-14,31,12,29,24,13,8,2
2024-08-17,1,27,7,19,26,5,3
2024-08-19,31,2,3,23,27,1,10
2024-08-21,14,12,19,7,11,2,8
2024-08-24,10,29,15,3,19,9,10
2024-08-26,4,31,10,24,35,8,5
2024-08-28,2,19,22,12,32,11,5
2024-08-31,27,16,22,35,19,6,10
2024-09-02,14,20,1,9,5,5,11
2024-09-04,29,19,21,33,32,6,8
2024-09-07,1,9,4,13,17,9,6
2024-09-09,32,14,20,21,28,9,11
2024-09-11,5,22,29,19,11,2,12
2024-09-14,34,16,18,6,14,3,10
2024-09-16,21,31,34,16,17,3,8
2024-09-18,28,23,27,26,12,3,11
2024-09-21,28,1,18,8,7,4,12
2024-09-23,9,3,27,30,19,11,7
2024-09-25,15,31,24,5,34,10,3
2024-09-28,16,33,18,25,26,8,4
2024-09-30,30,34,27,12,35,5,11
2024-10-05,3,12,19,4,24,12,8
2024-10-07,3,1,25,6,16,11,1
2024-10-09,2,28,26,22,10,2,4
2024-10-12,9,16,1,19,3,5,11
2024-10-14,33,30,6,28,12,7,2
2024-10-16,12,27,4,23,17,8,2
2024-10-19,24,33,15,7,18,5,4
2024-10-21,9,15,6,17,5,3,10
2024-10-23,9,16,30,31,3,9,8
2024-10-26,10,3,25,2,7,1,11
2024-10-28,10,24,26,14,19,1,10
2024-10-30,2,10,34,28,17,8,7
2024-11-02,28,3,10,2,16,7,10
2024-11-04,3,29,31,10,7,1,3
2024-11-06,31,19,34,30,7,5,7
2024-11-09,32,31,25,21,11,10,4
2024-11-11,2,3,4,21,26,2,3
2024-11-13,6,10,31,16,5,9,6
2024-11-16,10,8,22,29,14,4,6
2024-11-18,4,13,1,7,33,5,6
2024-11-20,6,24,8,30,22,3,8
2024-11-23,29,17,1,34,20,8,7
2024-11-25,16,17,21,15,8,5,2
2024-11-27,17,20,28,34,5,9,4
2024-11-30,24,20,23,12,5,7,5
2024-12-02,23,3,15,6,31,1,12
2024-12-04,7,16,2,20,6,2,11
2024-12-07,21,24,33,8,34,10,3
2024-12-09,24,22,16,20,31,5,4
2024-12-11,30,8,6,7,21,1,5
2024-12-14,22,1,9,24,6,1,3
2024-12-16,20,21,22,5,32,3,4
2024-12-18,22,31,12,21,18,1,7
2024-12-21,32,20,9,6,35,8,11
2024-12-23,22,2,16,5,18,9,7
2024-12-25,4,34,23,11,25,5,7
2024-12-28,12,17,5,19,35,10,11
2024-12-30,7,1,2,31,8,10,2
2025-01-01,16,17,27,8,5,7,4
2025-01-04,19,21,28,32,22,6,9
2025-01-06,10,30,25,34,32,10,4
2025-01-08,9,13,33,2,5,7,1
2025-01-11,6,32,5,8,31,9,11
2025-01-13,3,35,4,13,19,10,3
2025-01-15,15,22,31,23,25,1,9
2025-01-18,7,13,1,35,5,5,12
2025-01-20,21,30,3,32,19,6,9
2025-01-22,32,28,21,5,30,7,12
2025-01-25,7,11,6,27,3,2,8
2025-02-08,25,2,21,19,18,2,11
2025-02-10,14,20,18,35,16,2,5
2025-02-12,29,5,19,22,35,10,2
2025-02-15,24,31,7,10,35,8,1
2025-02-17,5,29,7,20,12,12,8
2025-02-19,28,31,26,10,12,3,10
2025-02-22,20,7,9,28,1,4,1
2025-02-24,7,8,11,18,23,3,11
2025-02-26,1,22,9,29,12,9,5
2025-03-01,25,10,35,30,18,12,3
2025-03-03,11,29,13,1,27,10,4
2025-03-05,24,20,25,10,22,12,9
2025-03-08,12,6,13,23,16,8,5
2025-03-10,3,25,6,10,8,3,7
2025-03-12,30,3,7,17,2,9,1
2025-03-15,20,11,6,13,3,11,1
2025-03-17,6,29,25,8,20,7,3
2025-03-19,9,31,33,26,5,10,3
2025-03-22,14,9,28,24,3,6,7
2025-03-24,18,35,20,14,25,7,1
2025-03-26,22,28,27,25,12,2,1
2025-03-29,8,2,1,33,10,10,12
2025-03-31,15,28,4,33,22,6,8
2025-04-02,30,22,25,28,29,4,8
2025-04-05,7,30,4,13,27,6,2
2025-04-07,31,20,23,27,5,6,4
2025-04-09,26,34,7,20,8,8,9
2025-04-12,7,14,19,15,3,10,6
2025-04-14,31,32,16,2,8,12,4
2025-04-16,21,27,4,22,3,5,11
2025-04-19,20,8,18,6,11,11,5
2025-04-21,20,3,21,16,27,9,11
2025-04-23,15,17,26,21,22,2,8
2025-04-26,21,11,27,8,23,8,3
2025-04-28,4,34,15,10,20,7,4
2025-04-30,3,21,12,11,10,2,3
2025-05-03,35,17,23,6,2,6,11
2025-05-05,34,29,22,20,9,8,3
2025-05-07,18,21,34,20,15,10,4
2025-05-10,13,29,31,4,2,5,12
2025-05-12,4,29,30,2,11,8,2
2025-05-14,23,29,14,33,30,12,6
2025-05-17,29,16,3,12,21,2,1
2025-05-19,25,29,8,10,30,1,2
2025-05-21,29,32,15,28,12,11,8
2025-05-24,12,10,29,11,9,10,1
2025-05-26,21,11,23,15,6,7,1
2025-05-28,26,10,11,9,3,1,2
2025-05-31,34,12,19,33,14,1,7
2025-06-02,28,2,16,23,11,5,10
2025-06-04,20,28,27,29,14,10,6
2025-06-07,5,29,32,18,26,7,10
2025-06-09,20,18,10,34,5,1,8
2025-06-11,33,25,35,32,7,9,4
2025-06-14,34,27,15,28,18,3,6
2025-06-16,12,22,6,21,10,1,6
2025-06-18,20,4,1,17,22,10,4
2025-06-21,7,4,33,6,34,10,9
2025-06-23,8,9,15,20,22,4,12
2025-06-25,1,8,25,31,33,5,11
2025-06-28,7,4,15,24,29,4,1
2025-06-30,1,17,4,34,33,3,9
2025-07-02,11,18,2,15,21,10,5
2025-07-05,12,35,8,16,19,6,9
2025-07-07,22,25,29,11,18,12,4
2025-07-09,19,12,14,28,16,4,1
2025-07-12,24,10,7,15,21,6,5
2025-07-14,34,32,2,35,14,11,5
2025-07-16,22,18,24,9,10,3,12
2025-07-19,1,4,15,18,6,3,2
2025-07-21,26,4,2,12,3,1,8
2025-07-23,17,18,34,20,12,5,2
2025-07-26,29,13,18,11,9,4,11
2025-07-28,33,2,5,14,9,4,9
2025-07-30,2,33,6,23,24,1,10
2025-08-02,20,5,16,13,14,8,3
2025-08-04,35,10,9,11,8,11,5
2025-08-06,32,2,34,12,11,10,3
2025-08-09,6,19,14,22,27,4,1
2025-08-11,25,27,1,22,19,10,3
2025-08-13,10,4,25,32,17,5,7
2025-08-16,16,9,1,7,30,5,2
2025-08-18,30,9,33,17,4,5,9
2025-08-20,13,19,14,7,27,10,6
2025-08-23,24,22,2,17,11,7,9
2025-08-25,25,32,5,34,24,9,1
2025-08-27,7,9,10,23,1,12,10
2025-08-30,31,20,12,6,26,4,2
2025-09-01,32,34,26,28,35,2,7
2025-09-03,7,26,5,32,19,9,8
2025-09-06,10,9,28,26,13,4,2
2025-09-08,5,34,8,32,19,5,4
2025-09-10,34,6,9,2,22,8,2
2025-09-13,28,16,34,25,15,12,10
2025-09-15,29,6,5,11,26,10,5
2025-09-17,15,7,5,8,33,10,6
2025-09-20,21,29,24,18,14,6,3
2025-09-22,26,8,4,13,10,10,9
2025-09-24,22,30,1,31,15,8,2
2025-09-27,2,21,9,14,26,2,12
2025-09-29,23,3,21,4,24,9,12
2025-10-06,35,18,1,14,28,3,2
2025-10-08,16,12,8,3,9,1,5
2025-10-11,3,21,12,35,14,5,1
2025-10-13,16,2,29,6,22,12,8
2025-10-15,29,10,21,5,18,7,5
2025-10-18,8,12,21,9,02,4,5
2025-10-20,29,15,8,31,27,7,1
2025-10-22,35,11,22,13,26,8,2
2025-10-25,13,8,3,02,21,12,7
2025-10-27,6,3,2,16,17,5,4
2025-10-29,31,8,13,24,25,10,4
2025-11-01,14,6,9,26,27,8,9
2025-11-03,11,19,10,35,13,4,11
2025-11-05,1,27,30,18,8,6,7
2025-11-08,28,4,5,19,29,5,8
2025-11-10,6,3,30,33,26,12,11
2025-11-12,35,9,28,3,14,2,4
2025-11-15,13,1,27,29,16,2,11
2025-11-17,8,29,25,3,32,9,12
2025-11-19,9,19,12,1,10,6,7
2025-11-22,23,27,11,35,4,11,7
2025-11-24,33,7,12,18,27,9,10
2025-11-26,10,2,32,16,28,7,1
2025-11-29,16,23,15,11,7,11,9
2025-12-01,11,8,9,7,22,5,11
2025-12-03,3,19,23,21,1,11,7
2025-12-06,22,8,18,35,30,4,1
2025-12-08,18,34,4,5,13,8,2
2025-12-10,24,9,4,29,28,2,10
2025-12-13,14,27,29,10,9,9,2
2025-12-15,24,3,29,18,4,7,12
2025-12-17,2,5,28,13,15,5,8
2025-12-20,20,25,7,22,5,5,4
2025-12-22,22,6,11,16,13,3,2
2025-12-24,6,25,16,33,21,8,7
2025-12-27,30,32,3,4,14,12,8
2025-12-29,24,31,32,26,30,5,12
2025-12-31,31,15,13,14,28,1,5
2026-01-03,32,27,7,9,23,8,2
2026-01-05,20,8,4,15,31,7,8
2026-01-07,2,9,11,15,16,2,4
2026-01-10,32,23,18,5,25,9,5
2026-01-12,16,23,2,4,35,6,11
2026-01-14,35,18,12,5,23,6,12
2026-01-17,13,1,20,3,26,3,10
2026-01-19,17,21,3,6,33,5,11
2026-01-21,12,13,33,14,5,5,8
2026-01-24,26,3,13,2,18,2,9
2026-01-26,33,29,14,23,21,2,10
2026-01-28,9,2,25,22,1,6,1
2026-01-31,5,26,23,6,3,1,4
2026-02-02,34,18,23,35,16,6,1
2026-02-04,10,4,13,17,1,3,11
2026-02-07,19,8,12,24,9,1,6
2026-02-09,5,31,10,4,23,7,12
2026-02-11,11,30,9,35,19,12,1
2026-02-25,12,13,14,31,16,12,4
2026-02-28,29,21,1,10,23,10,12
2026-03-02,5,17,8,12,14,5,4
2026-03-04,9,10,5,26,18,5,6
2026-03-07,27,26,25,9,28,8,1
2026-03-09,04,21,10,02,08,09,12
2026-03-11,24,29,28,15,03,03,07
2026-03-14,32,22,10,26,11,01,08
2026-03-16,16,12,09,11,10,01,11
2026-03-18,29,30,34,27,15,10,01
2026-03-21,35,33,03,17,05,05,07
2026-03-23,13,02,34,22,28,05,12
2026-03-25,34,29,06,22,08,05,07
2026-03-28,04,32,03,26,19,12,01
2026-03-30,07,03,18,05,09,10,02
2026-04-01,27,25,11,26,12,11,08
2026-04-04,02,30,34,22,33,08,12
2026-04-06,04,26,16,32,07,05,08